0 0.240966796875 0.55224609375 0.281982421875 0.1507568359375
0 0.51171875 0.479248046875 0.95654296875 0.93798828125
0 0.3369140625 0.1492919921875 0.255615234375 0.2587890625
0 0.1285400390625 0.83984375 0.08404541015625 0.070556640625
0 0.1201171875 0.1517333984375 0.162353515625 0.1724853515625
0 0.88037109375 0.2098388671875 0.14013671875 0.31591796875
0 0.292236328125 0.0272674560546875 0.0889892578125 0.04913330078125
0 0.041473388671875 0.3857421875 0.0272674560546875 0.1014404296875
0 0.619140625 0.342529296875 0.17333984375 0.10968017578125
0 0.04107666015625 0.2012939453125 0.027740478515625 0.0699462890625
0 0.7626953125 0.046722412109375 0.053985595703125 0.0794677734375
0 0.5390625 0.03619384765625 0.052825927734375 0.0723876953125
0 0.04217529296875 0.26904296875 0.03155517578125 0.07904052734375
0 0.0728759765625 0.04876708984375 0.08880615234375 0.06927490234375
0 0.6279296875 0.03338623046875 0.08331298828125 0.06646728515625
0 0.462646484375 0.03072357177734375 0.043212890625 0.0614471435546875