0 0.51025390625 0.541015625 0.96044921875 0.9033203125
0 0.2286376953125 0.4384765625 0.396240234375 0.62744140625
0 0.552734375 0.385986328125 0.259521484375 0.31298828125
0 0.48876953125 0.17138671875 0.14013671875 0.1778564453125
0 0.1378173828125 0.84814453125 0.162109375 0.1650390625
0 0.708984375 0.35302734375 0.1502685546875 0.25390625
0 0.66259765625 0.18994140625 0.20556640625 0.1922607421875
0 0.34521484375 0.86865234375 0.2490234375 0.2454833984375
0 0.2171630859375 0.87353515625 0.0413818359375 0.1558837890625
0 0.2109375 0.93408203125 0.1260986328125 0.1165771484375
0 0.791015625 0.1788330078125 0.1514892578125 0.1419677734375
0 0.0966796875 0.93798828125 0.093994140625 0.0794677734375
0 0.09075927734375 0.149658203125 0.09320068359375 0.0706787109375
0 0.9462890625 0.306884765625 0.05450439453125 0.06915283203125
0 0.82470703125 0.384521484375 0.10357666015625 0.1983642578125
0 0.58642578125 0.1531982421875 0.0966796875 0.1357421875
0 0.040008544921875 0.60009765625 0.0257110595703125 0.1217041015625
0 0.465576171875 0.258544921875 0.0635986328125 0.09466552734375
0 0.3935546875 0.11102294921875 0.12939453125 0.05059814453125
0 0.9784927368164062 0.42431640625 0.0430145263671875 0.0699462890625