0 0.454345703125 0.5324928977272728 0.8974609375 0.9164595170454545
0 0.190673828125 0.36376953125 0.30322265625 0.2149658203125
0 0.54833984375 0.3154296875 0.363525390625 0.50439453125
0 0.7548828125 0.45947265625 0.23193359375 0.2213134765625
0 0.81982421875 0.318115234375 0.207275390625 0.1973876953125
0 0.2098388671875 0.74169921875 0.41015625 0.49560546875
0 0.04052734375 0.4833984375 0.0794677734375 0.1431884765625
0 0.5234375 0.360595703125 0.1873779296875 0.26513671875
0 0.1044921875 0.227294921875 0.1995849609375 0.1370849609375
0 0.35693359375 0.52392578125 0.11358642578125 0.194091796875
0 0.0334625244140625 0.60986328125 0.066925048828125 0.15869140625
0 0.43212890625 0.64599609375 0.06695556640625 0.046630859375
0 0.451171875 0.46142578125 0.0726318359375 0.09912109375
0 0.277587890625 0.6982421875 0.0948486328125 0.125732421875
0 0.3564453125 0.267333984375 0.077392578125 0.1134033203125
0 0.86181640625 0.220703125 0.10992431640625 0.07354736328125
0 0.135009765625 0.5068359375 0.13427734375 0.123779296875
0 0.09075927734375 0.40966796875 0.026153564453125 0.177001953125
0 0.0634765625 0.322265625 0.126953125 0.21044921875
0 0.68994140625 0.0369873046875 0.06842041015625 0.042816162109375