0 0.433349609375 0.18359375 0.353759765625 0.363525390625
0 0.51953125 0.4638671875 0.728515625 0.46728515625
0 0.34619140625 0.4677734375 0.17138671875 0.07305908203125
0 0.59130859375 0.77001953125 0.422119140625 0.375732421875
0 0.1292724609375 0.39306640625 0.16455078125 0.52685546875
0 0.5009765625 0.66064453125 0.056640625 0.0948486328125
0 0.97119140625 0.0634765625 0.042877197265625 0.06500244140625
0 0.67529296875 0.10931396484375 0.1563720703125 0.202392578125
0 0.091064453125 0.7177734375 0.0880126953125 0.2315673828125
0 0.7294921875 0.3701171875 0.30712890625 0.1898193359375
0 0.41552734375 0.09014892578125 0.06982421875 0.1802978515625
0 0.07696533203125 0.13525390625 0.04559326171875 0.161376953125
0 0.5107421875 0.13616943359375 0.10760498046875 0.2723388671875
0 0.1871337890625 0.85595703125 0.2330322265625 0.19189453125
0 0.339599609375 0.8115234375 0.1705322265625 0.294677734375
0 0.0809326171875 0.55224609375 0.07891845703125 0.21435546875
0 0.94140625 0.1815185546875 0.06304931640625 0.07989501953125
0 0.947265625 0.36181640625 0.04559326171875 0.0302734375
0 0.411865234375 0.0293121337890625 0.0271148681640625 0.042724609375
0 0.1026611328125 0.86474609375 0.087890625 0.1591796875
0 0.07122802734375 0.32373046875 0.055206298828125 0.2432861328125
0 0.599609375 0.02140045166015625 0.05877685546875 0.0428009033203125
0 0.98333740234375 0.1680908203125 0.0333251953125 0.190673828125
0 0.0849609375 0.040252685546875 0.05419921875 0.07696533203125
0 0.9591217041015625 0.30908203125 0.081756591796875 0.07342529296875
0 0.292236328125 0.82421875 0.1685791015625 0.10577392578125