0 0.77880859375 0.48486328125 0.391357421875 0.326171875
0 0.5615234375 0.634765625 0.1795654296875 0.185302734375
0 0.06964111328125 0.54541015625 0.11920166015625 0.1357421875
0 0.3642578125 0.30859375 0.431640625 0.39794921875
0 0.5068359375 0.7216796875 0.0274810791015625 0.0582275390625
0 0.4833984375 0.82568359375 0.3544921875 0.263671875
0 0.69970703125 0.35205078125 0.251708984375 0.1417236328125
0 0.328369140625 0.62451171875 0.219970703125 0.044189453125
0 0.10760498046875 0.26806640625 0.0762939453125 0.06622314453125
0 0.2156982421875 0.69677734375 0.21240234375 0.1456298828125
0 0.5439453125 0.237060546875 0.1943359375 0.169189453125
0 0.8046875 0.744140625 0.33984375 0.27685546875
0 0.90576171875 0.91455078125 0.0753173828125 0.1629638671875
0 0.72705078125 0.2135009765625 0.1373291015625 0.1458740234375
0 0.3701171875 0.7900390625 0.154541015625 0.1658935546875
0 0.2445068359375 0.404052734375 0.202392578125 0.1666259765625
0 0.296875 0.183837890625 0.05718994140625 0.07891845703125
0 0.375244140625 0.12359619140625 0.162353515625 0.07989501953125
0 0.90087890625 0.345458984375 0.056976318359375 0.04302978515625
0 0.9306640625 0.30419921875 0.0489501953125 0.06463623046875
0 0.11163330078125 0.1680908203125 0.0472412109375 0.0802001953125
0 0.370849609375 0.203125 0.07989501953125 0.064208984375
0 0.1826171875 0.1591796875 0.07122802734375 0.049774169921875
0 0.66748046875 0.2568359375 0.09503173828125 0.080078125
0 0.939453125 0.392333984375 0.038330078125 0.0401611328125
0 0.482421875 0.1650390625 0.07794189453125 0.0457763671875
0 0.138916015625 0.66552734375 0.056854248046875 0.075439453125