0 0.63984375 0.159375 0.4328125 0.265625
0 0.6240234375 0.191162109375 0.3740234375 0.37451171875
0 0.26123046875 0.423828125 0.26220703125 0.3740234375
0 0.499755859375 0.452392578125 0.045257568359375 0.07977294921875
0 0.5625 0.325927734375 0.047882080078125 0.11859130859375
0 0.42626953125 0.15234375 0.162109375 0.28076171875
0 0.6279296875 0.50830078125 0.0831298828125 0.1171875
0 0.46435546875 0.59423828125 0.262451171875 0.422119140625
0 0.373046875 0.40869140625 0.047088623046875 0.0303802490234375
0 0.341796875 0.0753173828125 0.1246337890625 0.1495361328125
0 0.73828125 0.59423828125 0.368408203125 0.46630859375
0 0.83251953125 0.446533203125 0.173583984375 0.2315673828125
0 0.3349609375 0.705078125 0.11260986328125 0.2176513671875