0 0.21484375 0.38427734375 0.384521484375 0.403564453125
0 0.61865234375 0.685546875 0.1683349609375 0.2333984375
0 0.63671875 0.438232421875 0.053192138671875 0.034759521484375
0 0.38818359375 0.75537109375 0.361328125 0.400390625
0 0.73974609375 0.388916015625 0.26806640625 0.3681640625
0 0.70263671875 0.413818359375 0.1561279296875 0.07305908203125
0 0.736328125 0.7490234375 0.11474609375 0.17333984375
0 0.139892578125 0.5771484375 0.1746826171875 0.175537109375
0 0.1195068359375 0.7666015625 0.1470947265625 0.157958984375
0 0.61865234375 0.14111328125 0.140380859375 0.2027587890625
0 0.0635986328125 0.450439453125 0.12249755859375 0.1842041015625
0 0.62841796875 0.8623046875 0.2098388671875 0.1448974609375
0 0.273193359375 0.716796875 0.1610107421875 0.27294921875
0 0.82080078125 0.79736328125 0.17578125 0.09808349609375
0 0.322998046875 0.268310546875 0.181884765625 0.228515625
0 0.1912841796875 0.129150390625 0.06463623046875 0.06622314453125
0 0.462890625 0.046295166015625 0.132080078125 0.08978271484375
0 0.255615234375 0.91162109375 0.04400634765625 0.05718994140625
0 0.5419921875 0.51220703125 0.195556640625 0.173828125
0 0.2197265625 0.94482421875 0.08404541015625 0.051849365234375
0 0.1015625 0.343994140625 0.10125732421875 0.057373046875
0 0.6943359375 0.515625 0.1478271484375 0.1461181640625
0 0.6884765625 0.84326171875 0.08758544921875 0.085693359375