0 0.6767578125 0.7822265625 0.4326171875 0.382568359375
0 0.259765625 0.161376953125 0.1778564453125 0.1265869140625
0 0.33251953125 0.30419921875 0.26220703125 0.2005615234375
0 0.58251953125 0.367431640625 0.033599853515625 0.050811767578125
0 0.71337890625 0.54052734375 0.443115234375 0.29833984375
0 0.320068359375 0.802734375 0.1500244140625 0.1417236328125
0 0.291259765625 0.5224609375 0.412109375 0.37841796875
0 0.86767578125 0.468505859375 0.21142578125 0.1781005859375
0 0.123779296875 0.56494140625 0.0390625 0.04443359375
0 0.173095703125 0.235107421875 0.1417236328125 0.2149658203125
0 0.45361328125 0.51220703125 0.11181640625 0.044189453125
0 0.65576171875 0.312744140625 0.135009765625 0.1517333984375
0 0.60400390625 0.29345703125 0.0738525390625 0.1844482421875
0 0.62109375 0.6953125 0.12103271484375 0.193115234375
0 0.59033203125 0.50732421875 0.07452392578125 0.0263519287109375
0 0.485595703125 0.8291015625 0.1568603515625 0.17724609375
0 0.39697265625 0.447265625 0.1417236328125 0.1309814453125
0 0.10302734375 0.64404296875 0.08758544921875 0.07366943359375
0 0.185302734375 0.316162109375 0.182373046875 0.10015869140625