0 0.51123046875 0.5244140625 0.72705078125 0.8759765625
0 0.279296875 0.5234375 0.26318359375 0.380859375
0 0.364013671875 0.892578125 0.09844970703125 0.173583984375
0 0.444091796875 0.77734375 0.1429443359375 0.28857421875
0 0.73583984375 0.27734375 0.33740234375 0.47900390625
0 0.326416015625 0.2232666015625 0.11199951171875 0.2216796875
0 0.428466796875 0.0618896484375 0.08990478515625 0.08477783203125
0 0.60986328125 0.400390625 0.06793212890625 0.1199951171875
0 0.5087890625 0.464599609375 0.049591064453125 0.07806396484375
0 0.59814453125 0.1925048828125 0.138671875 0.299560546875
0 0.4736328125 0.57470703125 0.1744384765625 0.1829833984375
0 0.89111328125 0.2181396484375 0.09893798828125 0.2330322265625
0 0.65576171875 0.404541015625 0.13818359375 0.05499267578125
0 0.685546875 0.424560546875 0.2127685546875 0.1912841796875
0 0.421875 0.95947265625 0.08123779296875 0.07574462890625