0 0.193359375 0.428955078125 0.2315673828125 0.029754638671875
0 0.69580078125 0.2139892578125 0.2705078125 0.324462890625
0 0.445068359375 0.1748046875 0.1485595703125 0.331298828125
0 0.2120361328125 0.7041015625 0.420654296875 0.33544921875
0 0.322998046875 0.35107421875 0.323486328125 0.26806640625
0 0.396240234375 0.511962890625 0.79248046875 0.97607421875
0 0.888671875 0.176513671875 0.2197265625 0.29638671875
0 0.204345703125 0.1666259765625 0.2294921875 0.19287109375
0 0.29150390625 0.10760498046875 0.153564453125 0.12420654296875
0 0.70849609375 0.037200927734375 0.285888671875 0.07196044921875
0 0.045196533203125 0.1187744140625 0.08758544921875 0.1710205078125
0 0.1326904296875 0.03753662109375 0.1573486328125 0.0743408203125
0 0.0872802734375 0.572265625 0.1669921875 0.1600341796875
0 0.09283447265625 0.935546875 0.08740234375 0.1181640625
0 0.0311431884765625 0.880859375 0.05987548828125 0.13427734375
0 0.6748046875 0.458251953125 0.1806640625 0.140869140625
0 0.024444580078125 0.47900390625 0.04888916015625 0.049041748046875
0 0.2646484375 0.0235595703125 0.042572021484375 0.04510498046875