0 0.5973307291666666 0.6559244791666666 0.46549479166666674 0.5794270833333334
0 0.53759765625 0.71875 0.326904296875 0.54248046875
0 0.31201171875 0.60986328125 0.403076171875 0.2294921875
0 0.419189453125 0.429931640625 0.2493896484375 0.1925048828125
0 0.4970703125 0.5478515625 0.1357421875 0.10504150390625
0 0.705078125 0.475830078125 0.228515625 0.21630859375
0 0.53955078125 0.22119140625 0.1591796875 0.405029296875
0 0.27685546875 0.42138671875 0.09808349609375 0.162353515625
0 0.8427734375 0.365234375 0.203369140625 0.17529296875
0 0.09893798828125 0.76953125 0.1171875 0.205322265625
0 0.11083984375 0.47119140625 0.2193603515625 0.1396484375
0 0.08343505859375 0.279541015625 0.1055908203125 0.199951171875
0 0.0880126953125 0.662109375 0.1749267578125 0.2347412109375
0 0.444580078125 0.06427001953125 0.1063232421875 0.1265869140625
0 0.01049041748046875 0.25732421875 0.02069091796875 0.05511474609375
0 0.183349609375 0.08404541015625 0.038604736328125 0.10858154296875
0 0.059112548828125 0.144287109375 0.1175537109375 0.15478515625
0 0.388671875 0.3115234375 0.061309814453125 0.045196533203125
0 0.12750244140625 0.0345458984375 0.2550048828125 0.06781005859375
0 0.379150390625 0.9091796875 0.11126708984375 0.1800537109375
0 0.2091064453125 0.09466552734375 0.0232391357421875 0.03460693359375
0 0.09844970703125 0.1619873046875 0.17333984375 0.056243896484375
0 0.01433563232421875 0.91796875 0.026763916015625 0.1634521484375
0 0.0592041015625 0.06805419921875 0.058349609375 0.023101806640625
0 0.3505859375 0.96875 0.038604736328125 0.058349609375
0 0.5185546875 0.763671875 0.09857177734375 0.35400390625