0 0.06756591796875 0.87060546875 0.134765625 0.198974609375
0 0.1922607421875 0.85302734375 0.137939453125 0.1856689453125
0 0.08709716796875 0.66650390625 0.173828125 0.1912841796875
0 0.1217041015625 0.5595703125 0.100341796875 0.222412109375
0 0.0399017333984375 0.5029296875 0.079803466796875 0.1827392578125
0 0.9130859375 0.0943603515625 0.173583984375 0.1865234375
0 0.61572265625 0.175537109375 0.134033203125 0.2254638671875
0 0.30859375 0.6318359375 0.2130126953125 0.161376953125
0 0.11578369140625 0.2474365234375 0.042388916015625 0.043121337890625
0 0.10687255859375 0.360595703125 0.1378173828125 0.13134765625
0 0.78466796875 0.3115234375 0.365234375 0.382568359375
0 0.327392578125 0.78271484375 0.0836181640625 0.1370849609375
0 0.20263671875 0.0631103515625 0.22607421875 0.12213134765625
0 0.73583984375 0.328857421875 0.1240234375 0.116943359375
0 0.445068359375 0.1475830078125 0.1519775390625 0.25390625
0 0.4302978515625 0.497314453125 0.860595703125 0.97998046875
0 0.0294189453125 0.12548828125 0.058563232421875 0.2254638671875
0 0.3427734375 0.351806640625 0.377197265625 0.271728515625
0 0.33056640625 0.0535888671875 0.132568359375 0.09173583984375
0 0.70947265625 0.08251953125 0.262451171875 0.158447265625
0 0.3095703125 0.4853515625 0.10321044921875 0.0616455078125
0 0.324951171875 0.91845703125 0.20751953125 0.161865234375