0 0.7412109375 0.376708984375 0.138427734375 0.091552734375
0 0.8466796875 0.3583984375 0.081787109375 0.138916015625
0 0.10931396484375 0.607421875 0.0753173828125 0.046722412109375
0 0.822265625 0.4873046875 0.1307373046875 0.11981201171875
0 0.0529327392578125 0.55908203125 0.105865478515625 0.094482421875
0 0.0755615234375 0.3740234375 0.054595947265625 0.0938720703125
0 0.1729736328125 0.634765625 0.0987548828125 0.07696533203125
0 0.787109375 0.2020263671875 0.06243896484375 0.0982666015625
0 0.73828125 0.04888916015625 0.09039306640625 0.0977783203125
0 0.69287109375 0.1573486328125 0.11376953125 0.08282470703125
0 0.9248046875 0.4267578125 0.109130859375 0.07171630859375
0 0.0894775390625 0.69140625 0.0849609375 0.0953369140625
0 0.9398651123046875 0.314697265625 0.120269775390625 0.1514892578125
0 0.06854248046875 0.6513671875 0.1202392578125 0.04638671875
0 0.81201171875 0.055908203125 0.06396484375 0.11181640625
0 0.11920166015625 0.51953125 0.0755615234375 0.1202392578125
0 0.91748046875 0.5107421875 0.062103271484375 0.078369140625
0 0.251953125 0.5966796875 0.09039306640625 0.059661865234375
0 0.1767578125 0.51123046875 0.051177978515625 0.15234375
0 0.16064453125 0.2425537109375 0.048583984375 0.071044921875
0 0.8505859375 0.070068359375 0.0633544921875 0.06866455078125
0 0.028533935546875 0.320556640625 0.05706787109375 0.043853759765625
0 0.2156982421875 0.47802734375 0.05718994140625 0.08404541015625
0 0.10614013671875 0.291748046875 0.04876708984375 0.050140380859375
0 0.03839111328125 0.229736328125 0.07598876953125 0.11358642578125