0 0.65771484375 0.406982421875 0.174072265625 0.08251953125
0 0.73095703125 0.3486328125 0.11474609375 0.03912353515625
0 0.8427734375 0.2841796875 0.1177978515625 0.1895751953125
0 0.7958984375 0.4951171875 0.267822265625 0.25537109375
0 0.6103515625 0.288818359375 0.20947265625 0.1436767578125
0 0.61962890625 0.53662109375 0.06829833984375 0.1175537109375
0 0.693359375 0.43603515625 0.08343505859375 0.07171630859375
0 0.5751953125 0.3427734375 0.1318359375 0.0943603515625
0 0.2203369140625 0.78759765625 0.127685546875 0.1199951171875
0 0.2646484375 0.889984130859375 0.1171875 0.22003173828125
0 0.255615234375 0.568359375 0.1439208984375 0.1895751953125
0 0.1295166015625 0.724609375 0.2239990234375 0.116943359375
0 0.298583984375 0.76318359375 0.060760498046875 0.110107421875
0 0.2135009765625 0.7119140625 0.0517578125 0.0230712890625
0 0.7236328125 0.5498046875 0.10650634765625 0.162353515625
0 0.4248046875 0.748046875 0.1229248046875 0.10357666015625
0 0.385986328125 0.69775390625 0.1490478515625 0.1259765625