0 0.1754150390625 0.57080078125 0.34912109375 0.2451171875
0 0.28369140625 0.329833984375 0.402587890625 0.275146484375
0 0.4559326171875 0.491943359375 0.911865234375 0.98388671875
0 0.386474609375 0.724609375 0.29150390625 0.363037109375
0 0.53857421875 0.218447265625 0.2744140625 0.4368896484375
0 0.1519775390625 0.5439453125 0.287353515625 0.028017578125
0 0.74853515625 0.412109375 0.232666015625 0.178955078125
0 0.0735498046875 0.9013671875 0.1441650390625 0.1436767578125
0 0.359619140625 0.17333984375 0.169189453125 0.292236328125
0 0.0450146484375 0.250244140625 0.089111328125 0.3671875
0 0.069521484375 0.25537109375 0.080810546875 0.1181640625
0 0.015078125 0.74658203125 0.0292529296875 0.1427001953125