0 0.2156982421875 0.477783203125 0.05718994140625 0.08416748046875
0 0.251953125 0.5966796875 0.09039306640625 0.059661865234375
0 0.1767578125 0.51123046875 0.051177978515625 0.15283203125
0 0.1729736328125 0.634765625 0.0987548828125 0.07708740234375
0 0.10931396484375 0.607421875 0.075439453125 0.046905517578125
0 0.1190185546875 0.51953125 0.0755615234375 0.12066650390625
0 0.16064453125 0.2418212890625 0.04840087890625 0.06982421875
0 0.052886962890625 0.5595703125 0.10577392578125 0.09466552734375
0 0.0755615234375 0.374267578125 0.054595947265625 0.093994140625
0 0.10614013671875 0.291748046875 0.048858642578125 0.05023193359375
0 0.06842041015625 0.6513671875 0.1202392578125 0.04638671875
0 0.0284881591796875 0.320556640625 0.056976318359375 0.043853759765625
0 0.03839111328125 0.229736328125 0.07611083984375 0.1134033203125
0 0.7412109375 0.376708984375 0.138427734375 0.091552734375
0 0.82177734375 0.4873046875 0.1307373046875 0.11981201171875
0 0.9248046875 0.4267578125 0.10931396484375 0.07171630859375
0 0.91748046875 0.5107421875 0.062103271484375 0.078369140625
0 0.8466796875 0.3583984375 0.08197021484375 0.138916015625
0 0.787109375 0.2020263671875 0.06231689453125 0.09844970703125
0 0.9398651123046875 0.31494140625 0.120269775390625 0.1517333984375
0 0.6923828125 0.1572265625 0.11297607421875 0.08270263671875
0 0.08978271484375 0.69189453125 0.0838623046875 0.09503173828125
0 0.73828125 0.0490264892578125 0.08990478515625 0.098052978515625
0 0.81591796875 0.0517120361328125 0.07196044921875 0.103424072265625
0 0.8564453125 0.06634521484375 0.0496826171875 0.05419921875
0 0.80029296875 0.348388671875 0.049591064453125 0.08038330078125
0 0.06585693359375 0.1937255859375 0.041534423828125 0.09844970703125
0 0.75830078125 0.46435546875 0.037689208984375 0.0343017578125