0 0.0309600830078125 0.880859375 0.05975341796875 0.134521484375
0 0.045013427734375 0.118408203125 0.08740234375 0.172119140625
0 0.09271240234375 0.935546875 0.08758544921875 0.11798095703125
0 0.291748046875 0.10760498046875 0.15380859375 0.12420654296875
0 0.02435302734375 0.47900390625 0.0487060546875 0.049224853515625
0 0.193115234375 0.428955078125 0.2281494140625 0.0294189453125
0 0.2115478515625 0.70458984375 0.419189453125 0.33349609375
0 0.264892578125 0.0234222412109375 0.042572021484375 0.045013427734375
0 0.08740234375 0.57275390625 0.1680908203125 0.161865234375
0 0.69677734375 0.2142333984375 0.269775390625 0.32470703125
0 0.67578125 0.457763671875 0.1778564453125 0.140625
0 0.888580322265625 0.1749267578125 0.22283935546875 0.298095703125
0 0.138916015625 0.03753662109375 0.1456298828125 0.07452392578125
0 0.4462890625 0.1748046875 0.1510009765625 0.331298828125
0 0.202392578125 0.1668701171875 0.227783203125 0.1922607421875
0 0.3271484375 0.35009765625 0.333740234375 0.26708984375
0 0.7099609375 0.037261962890625 0.28466796875 0.07135009765625
0 0.77294921875 0.6943359375 0.3330078125 0.337646484375
0 0.419677734375 0.5810546875 0.1015625 0.174072265625
0 0.505859375 0.56787109375 0.12188720703125 0.1798095703125
0 0.57373046875 0.67626953125 0.0802001953125 0.11419677734375
0 0.64794921875 0.5263671875 0.0640869140625 0.083740234375