0 0.1026611328125 0.7080078125 0.100341796875 0.15869140625
0 0.03790283203125 0.8291015625 0.07574462890625 0.2108154296875
0 0.047882080078125 0.08343505859375 0.06536865234375 0.053314208984375
0 0.036346435546875 0.69384765625 0.07135009765625 0.0987548828125
0 0.56982421875 0.69140625 0.10284423828125 0.184814453125
0 0.68505859375 0.314208984375 0.1650390625 0.1844482421875
0 0.73291015625 0.281982421875 0.058990478515625 0.051361083984375
0 0.463623046875 0.55224609375 0.2100830078125 0.1663818359375
0 0.06756591796875 0.212890625 0.131591796875 0.2156982421875
0 0.11260986328125 0.52587890625 0.10968017578125 0.1561279296875
0 0.423095703125 0.270751953125 0.254150390625 0.30908203125
0 0.74609375 0.65087890625 0.41162109375 0.34521484375
0 0.09320068359375 0.45751953125 0.0242767333984375 0.04052734375