0 0.599609375 0.2478298611111111 0.1451416015625 0.2816840277777778
0 0.7568359375 0.7717013888888888 0.2509765625 0.21516927083333334
0 0.26806640625 0.6792534722222222 0.1217041015625 0.20301649305555555
0 0.420166015625 0.5017361111111112 0.1650390625 0.3858506944444444
0 0.448974609375 0.2725694444444444 0.132568359375 0.2133246527777778
0 0.314453125 0.12163628472222222 0.090576171875 0.15125868055555555
0 0.249267578125 0.4201388888888889 0.18212890625 0.1870659722222222
0 0.2646484375 0.2064887152777778 0.1441650390625 0.19032118055555555
0 0.50341796875 0.6927083333333334 0.10595703125 0.142578125
0 0.3076171875 0.8841145833333334 0.11798095703125 0.13053385416666666
0 0.395263671875 0.8198784722222222 0.186279296875 0.1838107638888889
0 0.7001953125 0.4900173611111111 0.19775390625 0.2571614583333333
0 0.57568359375 0.8702256944444444 0.132080078125 0.2584635416666667
0 0.61279296875 0.65234375 0.092529296875 0.17936197916666666
0 0.398193359375 0.6527777777777778 0.079345703125 0.1557074652777778
0 0.43896484375 0.9444444444444444 0.1492919921875 0.10411241319444445
0 0.294921875 0.5763888888888888 0.12249755859375 0.1704644097222222
0 0.53369140625 0.4264322916666667 0.1070556640625 0.3604600694444444
0 0.42919921875 0.1488715277777778 0.10052490234375 0.12727864583333334