0 0.64111328125 0.26220703125 0.305908203125 0.403564453125
0 0.74951171875 0.578125 0.34033203125 0.2476806640625
0 0.267333984375 0.6044921875 0.462646484375 0.300537109375
0 0.56787109375 0.69921875 0.1473388671875 0.267333984375
0 0.439697265625 0.380126953125 0.17578125 0.1787109375
0 0.206787109375 0.9384765625 0.41357421875 0.11920166015625
0 0.3154296875 0.5791015625 0.247314453125 0.10052490234375
0 0.1209716796875 0.381103515625 0.16943359375 0.1973876953125
0 0.299560546875 0.5009765625 0.319580078125 0.1375732421875
0 0.36767578125 0.336669921875 0.11676025390625 0.16455078125
0 0.08758544921875 0.172119140625 0.1495361328125 0.32958984375
0 0.02215576171875 0.252685546875 0.04217529296875 0.1507568359375
0 0.21240234375 0.1397705078125 0.10595703125 0.08599853515625
0 0.091552734375 0.7392578125 0.1783447265625 0.353759765625