0 0.223388671875 0.751953125 0.08770751953125 0.0615234375
0 0.198486328125 0.7939453125 0.0775146484375 0.059326171875
0 0.2327880859375 0.85595703125 0.07989501953125 0.100341796875
0 0.250244140625 0.67333984375 0.072509765625 0.10723876953125
0 0.322998046875 0.81787109375 0.08831787109375 0.0982666015625
0 0.1778564453125 0.5439453125 0.08709716796875 0.09027099609375
0 0.1982421875 0.48046875 0.072265625 0.046630859375
0 0.3408203125 0.69287109375 0.0352783203125 0.03662109375
0 0.31396484375 0.72705078125 0.0592041015625 0.0740966796875
0 0.272705078125 0.472900390625 0.046112060546875 0.02691650390625
0 0.1895751953125 0.42236328125 0.049591064453125 0.06781005859375
0 0.81884765625 0.425048828125 0.12359619140625 0.1444091796875
0 0.86572265625 0.55419921875 0.122314453125 0.078369140625
0 0.818359375 0.50537109375 0.08526611328125 0.0948486328125
0 0.76025390625 0.473388671875 0.040985107421875 0.054107666015625
0 0.7060546875 0.2481689453125 0.0416259765625 0.06256103515625
0 0.72216796875 0.1318359375 0.078369140625 0.07366943359375
0 0.67822265625 0.11517333984375 0.04327392578125 0.13134765625
0 0.68994140625 0.491455078125 0.1357421875 0.1181640625
0 0.654296875 0.22900390625 0.07354736328125 0.10302734375
0 0.59765625 0.08990478515625 0.0953369140625 0.135009765625
0 0.732421875 0.619140625 0.11083984375 0.1309814453125