0 0.106170654296875 0.1943359375 0.21234130859375 0.16455078125
0 0.424560546875 0.141845703125 0.0701904296875 0.06243896484375
0 0.0836181640625 0.06622314453125 0.164794921875 0.1298828125
0 0.9605865478515625 0.0657958984375 0.078826904296875 0.131591796875
0 0.00937652587890625 0.77783203125 0.01751708984375 0.045196533203125
0 0.04620361328125 0.441162109375 0.09185791015625 0.09619140625
0 0.09417724609375 0.364013671875 0.06805419921875 0.0802001953125
0 0.017303466796875 0.54638671875 0.03253173828125 0.08050537109375
0 0.00891876220703125 0.1431884765625 0.017303466796875 0.051361083984375
0 0.392333984375 0.2529296875 0.24072265625 0.314208984375
0 0.06243896484375 0.609375 0.10687255859375 0.167724609375
0 0.91796875 0.865234375 0.019500732421875 0.022979736328125
0 0.114990234375 0.88916015625 0.2254638671875 0.167724609375
0 0.1865234375 0.6162109375 0.10211181640625 0.140380859375
0 0.97509765625 0.80078125 0.0310211181640625 0.0305023193359375
0 0.96875 0.76806640625 0.042724609375 0.029541015625
0 0.423828125 0.658203125 0.173583984375 0.23095703125
0 0.68701171875 0.25146484375 0.244384765625 0.3291015625
0 0.90478515625 0.318359375 0.1873779296875 0.326416015625
0 0.611328125 0.75146484375 0.196533203125 0.38671875
0 0.2379150390625 0.061431884765625 0.1947021484375 0.12127685546875
0 0.280029296875 0.446044921875 0.408447265625 0.2210693359375
0 0.2171630859375 0.260498046875 0.12744140625 0.1865234375
0 0.2139892578125 0.9462890625 0.1514892578125 0.100341796875
0 0.61279296875 0.45361328125 0.1007080078125 0.162109375
0 0.2352294921875 0.72998046875 0.2333984375 0.1378173828125