0 0.48046875 0.4835205078125 0.6596679687499998 0.8798828124999998
0 0.317138671875 0.64599609375 0.326416015625 0.26806640625
0 0.413330078125 0.484375 0.2490234375 0.1507568359375
0 0.74365234375 0.332275390625 0.267822265625 0.26025390625
0 0.150634765625 0.273193359375 0.158935546875 0.183837890625
0 0.52783203125 0.33837890625 0.07501220703125 0.11102294921875
0 0.26318359375 0.45947265625 0.1473388671875 0.2017822265625
0 0.499755859375 0.417724609375 0.0802001953125 0.039703369140625
0 0.1041259765625 0.152099609375 0.09844970703125 0.070556640625
0 0.362548828125 0.039947509765625 0.1629638671875 0.076416015625
0 0.056976318359375 0.1845703125 0.09893798828125 0.024749755859375
0 0.413818359375 0.47265625 0.187744140625 0.0194549560546875
0 0.0266571044921875 0.262939453125 0.051666259765625 0.079345703125
0 0.51611328125 0.4755859375 0.08740234375 0.0290374755859375