0 0.74169921875 0.6884765625 0.281982421875 0.298095703125
0 0.5205078125 0.7421875 0.152587890625 0.251708984375
0 0.7109375 0.67138671875 0.09320068359375 0.137939453125
0 0.28662109375 0.580078125 0.240478515625 0.172119140625
0 0.6015625 0.396728515625 0.1007080078125 0.0343017578125
0 0.7080078125 0.350830078125 0.23828125 0.1370849609375
0 0.38232421875 0.443359375 0.190673828125 0.0809326171875
0 0.43017578125 0.281494140625 0.21044921875 0.285400390625
0 0.505859375 0.546875 0.2271728515625 0.3037109375
0 0.25634765625 0.54052734375 0.162353515625 0.06243896484375
0 0.2489013671875 0.58251953125 0.1451416015625 0.047698974609375