0 0.0792236328125 0.72900390625 0.1475830078125 0.29833984375
0 0.283447265625 0.90625 0.07305908203125 0.1856689453125
0 0.10302734375 0.6435546875 0.0775146484375 0.10247802734375
0 0.18798828125 0.83837890625 0.22607421875 0.1495361328125
0 0.0302734375 0.64208984375 0.05987548828125 0.2337646484375
0 0.168212890625 0.09185791015625 0.154541015625 0.1429443359375
0 0.325927734375 0.151611328125 0.2091064453125 0.2127685546875
0 0.02600860595703125 0.18408203125 0.0520172119140625 0.1885986328125
0 0.019012451171875 0.4453125 0.036224365234375 0.09332275390625
0 0.55517578125 0.04168701171875 0.1451416015625 0.0810546875
0 0.2626953125 0.68408203125 0.091064453125 0.1171875
0 0.05780029296875 0.3173828125 0.11358642578125 0.23095703125
0 0.939910888671875 0.072357177734375 0.12017822265625 0.14471435546875
0 0.172607421875 0.25341796875 0.11102294921875 0.2001953125
0 0.6171875 0.1461181640625 0.18896484375 0.175537109375
0 0.92529296875 0.2890625 0.1483154296875 0.35595703125
0 0.4473876953125 0.4755859375 0.894775390625 0.951171875
0 0.36083984375 0.318359375 0.283203125 0.2919921875
0 0.226318359375 0.467041015625 0.393798828125 0.193115234375
0 0.77001953125 0.07720947265625 0.253173828125 0.153564453125