0 0.049774169921875 0.70654296875 0.036163330078125 0.047943115234375
0 0.1265869140625 0.407470703125 0.08990478515625 0.1309814453125
0 0.1121826171875 0.7958984375 0.1510009765625 0.09893798828125
0 0.1751708984375 0.28466796875 0.09124755859375 0.1259765625
0 0.056121826171875 0.4140625 0.1121826171875 0.2147216796875
0 0.046356201171875 0.2015380859375 0.09271240234375 0.1815185546875
0 0.1104736328125 0.12286376953125 0.165283203125 0.2386474609375
0 0.215576171875 0.91455078125 0.43115234375 0.165283203125
0 0.56884765625 0.450439453125 0.0560302734375 0.034942626953125
0 0.810546875 0.08868408203125 0.038818359375 0.10821533203125
0 0.59326171875 0.343017578125 0.036285400390625 0.1810302734375
0 0.642578125 0.05560302734375 0.286376953125 0.10894775390625
0 0.409912109375 0.30712890625 0.12548828125 0.16748046875
0 0.443359375 0.4580078125 0.1868896484375 0.1636962890625
0 0.826171875 0.1124267578125 0.1424560546875 0.1561279296875
0 0.385009765625 0.5830078125 0.1597900390625 0.044525146484375
0 0.61376953125 0.291259765625 0.241455078125 0.403564453125
0 0.2734375 0.397705078125 0.1844482421875 0.1724853515625
0 0.5439453125 0.4864501953125 0.81201171875 0.972900390625
0 0.421630859375 0.1231689453125 0.0982666015625 0.1453857421875
0 0.4541015625 0.83447265625 0.1827392578125 0.2166748046875