0 0.79833984375 0.42138671875 0.2005615234375 0.2493896484375
0 0.73828125 0.66845703125 0.25830078125 0.027008056640625
0 0.541015625 0.298583984375 0.18505859375 0.50927734375
0 0.75048828125 0.6767578125 0.317138671875 0.323486328125
0 0.1048583984375 0.0880126953125 0.05340576171875 0.06451416015625
0 0.448486328125 0.59912109375 0.28076171875 0.1558837890625
0 0.314208984375 0.75830078125 0.50439453125 0.262939453125
0 0.18798828125 0.1695556640625 0.123779296875 0.0987548828125
0 0.22021484375 0.72607421875 0.2098388671875 0.057373046875
0 0.7333984375 0.5791015625 0.196533203125 0.07452392578125
0 0.43212890625 0.58935546875 0.158203125 0.021484375
0 0.056671142578125 0.1087646484375 0.11334228515625 0.0333251953125
0 0.90875244140625 0.546875 0.1824951171875 0.105224609375