0 0.45703125 0.2432861328125 0.2193603515625 0.416259765625
0 0.318603515625 0.41796875 0.359130859375 0.259765625
0 0.6259765625 0.77880859375 0.167724609375 0.1885986328125
0 0.3525390625 0.03582763671875 0.405517578125 0.070068359375
0 0.018585205078125 0.7666015625 0.036224365234375 0.0850830078125
0 0.439697265625 0.6728515625 0.185302734375 0.27294921875
0 0.08154296875 0.08740234375 0.1610107421875 0.16943359375
0 0.1165771484375 0.290771484375 0.2294921875 0.326904296875
0 0.7236328125 0.603515625 0.352783203125 0.370361328125
0 0.09039306640625 0.48291015625 0.1143798828125 0.09320068359375
0 0.64306640625 0.07989501953125 0.1883544921875 0.1556396484375
0 0.060638427734375 0.274169921875 0.10968017578125 0.03533935546875
0 0.215576171875 0.71142578125 0.383056640625 0.343505859375
0 0.8564453125 0.521484375 0.029083251953125 0.0271148681640625
0 0.1077880859375 0.95849609375 0.12249755859375 0.07611083984375