0 0.2027587890625 0.75341796875 0.2149658203125 0.1436767578125
0 0.395751953125 0.260498046875 0.220703125 0.283935546875
0 0.10015869140625 0.6435546875 0.1533203125 0.269775390625
0 0.27490234375 0.400634765625 0.403076171875 0.223388671875
0 0.1104736328125 0.22216796875 0.1131591796875 0.2393798828125
0 0.302490234375 0.83154296875 0.07806396484375 0.1995849609375
0 0.3935546875 0.09417724609375 0.2081298828125 0.1859130859375
0 0.72021484375 0.08465576171875 0.227783203125 0.167236328125
0 0.136962890625 0.54638671875 0.072509765625 0.0794677734375
0 0.6220703125 0.26318359375 0.2393798828125 0.377197265625
0 0.8359375 0.453857421875 0.328125 0.2130126953125
0 0.2384033203125 0.6044921875 0.125732421875 0.110107421875
0 0.062225341796875 0.5556640625 0.07861328125 0.19873046875
0 0.452392578125 0.7587890625 0.1466064453125 0.322998046875
0 0.0302734375 0.5888671875 0.05889892578125 0.1519775390625
0 0.1246337890625 0.849609375 0.07611083984375 0.08740234375
0 0.889984130859375 0.05780029296875 0.22003173828125 0.11376953125
0 0.63037109375 0.50634765625 0.1361083984375 0.2021484375
0 0.05792236328125 0.12890625 0.11279296875 0.25244140625
0 0.24169921875 0.143798828125 0.1563720703125 0.273681640625
0 0.2425537109375 0.034088134765625 0.158447265625 0.06512451171875
0 0.447021484375 0.52001953125 0.15380859375 0.159423828125
0 0.0406494140625 0.331787109375 0.081298828125 0.1304931640625
0 0.0849609375 0.8701171875 0.056549072265625 0.09320068359375
0 0.109130859375 0.95556640625 0.1202392578125 0.08660888671875