0 0.343017578125 0.35302734375 0.375 0.27099609375
0 0.4266357421875 0.49658203125 0.853271484375 0.9794921875
0 0.7392578125 0.3271484375 0.1287841796875 0.120849609375
0 0.08770751953125 0.66650390625 0.1749267578125 0.1904296875
0 0.7841796875 0.311279296875 0.36767578125 0.384521484375
0 0.06817626953125 0.87060546875 0.135498046875 0.1993408203125
0 0.6162109375 0.1759033203125 0.13427734375 0.224365234375
0 0.444091796875 0.14501953125 0.1517333984375 0.253173828125
0 0.1070556640625 0.362548828125 0.1375732421875 0.1263427734375
0 0.1927490234375 0.85302734375 0.138427734375 0.1856689453125
0 0.91259765625 0.0943603515625 0.173583984375 0.186279296875
0 0.039794921875 0.50244140625 0.079345703125 0.17919921875
0 0.200927734375 0.063720703125 0.218017578125 0.12335205078125
0 0.32421875 0.91162109375 0.2069091796875 0.172119140625
0 0.328857421875 0.7841796875 0.07965087890625 0.1331787109375
0 0.02947998046875 0.1287841796875 0.057373046875 0.23095703125
0 0.11578369140625 0.2476806640625 0.042083740234375 0.043365478515625
0 0.3095703125 0.63232421875 0.21337890625 0.1605224609375
0 0.12188720703125 0.5595703125 0.10052490234375 0.2216796875