0 0.2091064453125 0.09466552734375 0.023284912109375 0.03460693359375
0 0.09893798828125 0.76953125 0.116943359375 0.205322265625
0 0.183349609375 0.08404541015625 0.038543701171875 0.1083984375
0 0.01049041748046875 0.25732421875 0.02069091796875 0.0552978515625
0 0.059112548828125 0.144287109375 0.1175537109375 0.15478515625
0 0.059326171875 0.06805419921875 0.058563232421875 0.0231475830078125
0 0.01433563232421875 0.91796875 0.026702880859375 0.1634521484375
0 0.12744140625 0.0345458984375 0.2548828125 0.06781005859375
0 0.11065673828125 0.47119140625 0.2193603515625 0.139404296875
0 0.09857177734375 0.1619873046875 0.17333984375 0.056243896484375
0 0.08343505859375 0.279296875 0.10577392578125 0.199951171875
0 0.08819580078125 0.662109375 0.1749267578125 0.235107421875
0 0.444580078125 0.06439208984375 0.10614013671875 0.1268310546875
0 0.8427734375 0.365234375 0.203369140625 0.17529296875
0 0.3505859375 0.96826171875 0.0386962890625 0.058563232421875
0 0.3115234375 0.6103515625 0.4013671875 0.2298583984375
0 0.388671875 0.3115234375 0.0616455078125 0.04534912109375
0 0.27685546875 0.421142578125 0.0982666015625 0.162353515625
0 0.41943359375 0.429443359375 0.248046875 0.1922607421875
0 0.70361328125 0.4775390625 0.23095703125 0.217041015625
0 0.53515625 0.2210693359375 0.158935546875 0.405029296875
0 0.515625 0.7646484375 0.093017578125 0.352294921875
0 0.49853515625 0.5439453125 0.1304931640625 0.09552001953125
0 0.378173828125 0.908203125 0.1121826171875 0.1806640625
0 0.5458984375 0.72021484375 0.319580078125 0.54248046875
0 0.1300048828125 0.11517333984375 0.1331787109375 0.11297607421875
0 0.81591796875 0.92822265625 0.2137451171875 0.135009765625
0 0.64501953125 0.425537109375 0.10052490234375 0.125244140625
0 0.1087646484375 0.402099609375 0.15234375 0.123779296875
0 0.330322265625 0.76318359375 0.04217529296875 0.097412109375
0 0.47509765625 0.2239990234375 0.0867919921875 0.305908203125