0 0.0880126953125 0.1728515625 0.1502685546875 0.330322265625
0 0.0221099853515625 0.25341796875 0.042327880859375 0.1514892578125
0 0.74853515625 0.57666015625 0.338134765625 0.251953125
0 0.092529296875 0.73974609375 0.1800537109375 0.353271484375
0 0.64111328125 0.263671875 0.30615234375 0.406005859375
0 0.21240234375 0.1397705078125 0.10577392578125 0.08587646484375
0 0.2059326171875 0.9365234375 0.411865234375 0.12249755859375
0 0.366455078125 0.33447265625 0.11199951171875 0.1605224609375
0 0.31689453125 0.57666015625 0.248291015625 0.095703125
0 0.287109375 0.496337890625 0.338134765625 0.1280517578125
0 0.56787109375 0.69970703125 0.1505126953125 0.2646484375
0 0.443115234375 0.380859375 0.1829833984375 0.1925048828125
0 0.12213134765625 0.382568359375 0.169677734375 0.19775390625
0 0.06982421875 0.79931640625 0.05633544921875 0.19873046875
0 0.291015625 0.39453125 0.1019287109375 0.09722900390625