0 0.2366943359375 0.2835693359375 0.319091796875 0.3011474609375
0 0.1297607421875 0.4879150390625 0.196318359375 0.1963525390625
0 0.0298779296875 0.2381591796875 0.059326171875 0.129638671875
0 0.62890625 0.54052734375 0.035888671875 0.07611328125
0 0.0431201171875 0.347412109375 0.0431201171875 0.1422119140625
0 0.76416015625 0.6611328125 0.30712890625 0.27490234375
0 0.363037109375 0.7840576171875 0.281982421875 0.431884765625
0 0.5 0.55078125 0.1218896484375 0.124453125
0 0.966796875 0.1904296875 0.0335400390625 0.02533203125
0 0.9619140625 0.052705078125 0.02546875 0.0217431640625
0 0.65771484375 0.096865234375 0.057802734375 0.0267626953125
0 0.67529296875 0.0327783203125 0.0227685546875 0.018876953125
0 0.5869140625 0.024384765625 0.0267626953125 0.0204931640625
0 0.03271484375 0.093505859375 0.0625634765625 0.0696435546875
0 0.052705078125 0.56494140625 0.035830078125 0.033662109375
0 0.7099609375 0.0615234375 0.0176416015625 0.0165234375
0 0.6943359375 0.19677734375 0.2037353515625 0.1304931640625