0 0.1778564453125 0.5439453125 0.08709716796875 0.09039306640625
0 0.250244140625 0.67333984375 0.0723876953125 0.1070556640625
0 0.81884765625 0.425048828125 0.1231689453125 0.1444091796875
0 0.86572265625 0.55419921875 0.12249755859375 0.078369140625
0 0.73193359375 0.619140625 0.11065673828125 0.131591796875
0 0.71533203125 0.5625 0.0966796875 0.0548095703125
0 0.654296875 0.22900390625 0.073974609375 0.10302734375
0 0.223388671875 0.75146484375 0.08770751953125 0.061431884765625
0 0.68994140625 0.490234375 0.13427734375 0.11578369140625
0 0.59814453125 0.090576171875 0.095703125 0.1368408203125
0 0.2327880859375 0.85595703125 0.07989501953125 0.100341796875
0 0.818359375 0.50537109375 0.08526611328125 0.0948486328125
0 0.198486328125 0.79345703125 0.0775146484375 0.059326171875
0 0.31396484375 0.72705078125 0.0592041015625 0.0738525390625
0 0.322998046875 0.81787109375 0.08819580078125 0.0982666015625
0 0.1895751953125 0.42236328125 0.049407958984375 0.06781005859375
0 0.67822265625 0.114990234375 0.04345703125 0.13134765625
0 0.72216796875 0.131591796875 0.07891845703125 0.07366943359375
0 0.1982421875 0.48046875 0.072265625 0.046630859375
0 0.272705078125 0.472900390625 0.046112060546875 0.0269622802734375
0 0.3408203125 0.69287109375 0.035400390625 0.036773681640625
0 0.7060546875 0.248291015625 0.041534423828125 0.062103271484375
0 0.76025390625 0.473388671875 0.04083251953125 0.053802490234375