0 0.17120361328125 0.91162109375 0.3424072265625 0.173828125
0 0.215576171875 0.857421875 0.127685546875 0.1248779296875
0 0.092529296875 0.70166015625 0.12939453125 0.2271728515625
0 0.03570556640625 0.05792236328125 0.0714111328125 0.04913330078125
0 0.0284423828125 0.81396484375 0.056854248046875 0.07720947265625
0 0.06732177734375 0.23779296875 0.1329345703125 0.36181640625
0 0.02390289306640625 0.1275634765625 0.0478057861328125 0.0526123046875
0 0.325439453125 0.38720703125 0.370361328125 0.2705078125
0 0.97265625 0.034423828125 0.044097900390625 0.04351806640625
0 0.9462890625 0.0765380859375 0.024139404296875 0.0269622802734375
0 0.92431640625 0.0740966796875 0.0225067138671875 0.023193359375
0 0.77392578125 0.2178955078125 0.351318359375 0.281494140625
0 0.9853515625 0.08209228515625 0.018585205078125 0.0180206298828125
0 0.5576171875 0.059112548828125 0.07708740234375 0.1055908203125
0 0.2469482421875 0.1585693359375 0.1055908203125 0.1922607421875
0 0.033538818359375 0.56298828125 0.06451416015625 0.07806396484375
0 0.62646484375 0.37841796875 0.194091796875 0.2666015625
0 0.2027587890625 0.06280517578125 0.07977294921875 0.08251953125
0 0.161376953125 0.1597900390625 0.10540771484375 0.0255584716796875
0 0.1314697265625 0.51513671875 0.1663818359375 0.10052490234375
0 0.38916015625 0.1927490234375 0.253173828125 0.368408203125
0 0.296142578125 0.6650390625 0.341796875 0.297119140625
0 0.434326171875 0.501953125 0.86865234375 0.98974609375