0 0.66357421875 0.333984375 0.1605224609375 0.1815185546875
0 0.0831298828125 0.70263671875 0.1033935546875 0.1597900390625
0 0.54248046875 0.70068359375 0.09185791015625 0.177001953125
0 0.07720947265625 0.453369140625 0.029144287109375 0.0416259765625
0 0.037811279296875 0.07147216796875 0.06744384765625 0.055206298828125
0 0.44482421875 0.55810546875 0.2183837890625 0.16943359375
0 0.026702880859375 0.81689453125 0.052337646484375 0.2098388671875
0 0.41064453125 0.28564453125 0.267822265625 0.308349609375
0 0.7138671875 0.301025390625 0.049407958984375 0.042236328125
0 0.0894775390625 0.53564453125 0.11260986328125 0.17578125
0 0.7265625 0.6708984375 0.375244140625 0.343505859375
0 0.0257110595703125 0.6875 0.05072021484375 0.1094970703125
0 0.061767578125 0.1964111328125 0.12213134765625 0.2401123046875
0 0.939453125 0.085693359375 0.036224365234375 0.01751708984375
0 0.338623046875 0.10211181640625 0.03656005859375 0.04534912109375
0 0.9677734375 0.0738525390625 0.04681396484375 0.0309600830078125
0 0.0738525390625 0.576171875 0.0278472900390625 0.031982421875
0 0.2315673828125 0.454833984375 0.2783203125 0.0843505859375
0 0.301513671875 0.07891845703125 0.05718994140625 0.054901123046875
0 0.85595703125 0.039337158203125 0.0239105224609375 0.030914306640625
0 0.560546875 0.02205657958984375 0.2802734375 0.0441131591796875
0 0.95654296875 0.0187225341796875 0.03912353515625 0.034423828125