0 0.53955078125 0.3603515625 0.32275390625 0.286376953125
0 0.293701171875 0.435791015625 0.50830078125 0.2371826171875
0 0.396484375 0.74462890625 0.239013671875 0.34521484375
0 0.29541015625 0.2406005859375 0.0686669921875 0.1629638671875
0 0.205078125 0.1114501953125 0.0889892578125 0.050322265625
0 0.42529296875 0.093994140625 0.20849609375 0.1787109375
0 0.86474609375 0.6171875 0.205322265625 0.15234375
0 0.0428173828125 0.71533203125 0.0834375 0.1904296875
0 0.0810546875 0.61328125 0.1192041015625 0.06537109375
0 0.29736328125 0.9111328125 0.426025390625 0.1666259765625
0 0.2109375 0.9384765625 0.1995849609375 0.105224609375
0 0.491943359375 0.2156982421875 0.1334228515625 0.1910400390625
0 0.18994140625 0.8427734375 0.21728515625 0.167236328125
0 0.623046875 0.6962890625 0.16455078125 0.267333984375
0 0.71630859375 0.456298828125 0.298095703125 0.34033203125
0 0.084931640625 0.2147216796875 0.16986328125 0.189208984375
0 0.089111328125 0.084990234375 0.17529296875 0.1699853515625
0 0.2034912109375 0.429931640625 0.287841796875 0.089296875
0 0.1455078125 0.64208984375 0.0750146484375 0.1339111328125
0 0.033662109375 0.4677734375 0.065615234375 0.0948486328125
0 0.21435546875 0.03333984375 0.0572802734375 0.0666796875
0 0.2127685546875 0.159423828125 0.204345703125 0.0628076171875
0 0.295166015625 0.0782470703125 0.035400390625 0.07763671875
0 0.5556640625 0.65087890625 0.057587890625 0.17724609375
0 0.0730615234375 0.55078125 0.1422119140625 0.0365625
0 0.0618896484375 0.1341552734375 0.1229248046875 0.073974609375
0 0.1715087890625 0.9736328125 0.1710205078125 0.04681640625
0 0.234375 0.8212890625 0.0805078125 0.08978515625
0 0.93646484375 0.95458984375 0.1270703125 0.0833154296875