0 0.0080718994140625 0.0640869140625 0.016143798828125 0.018798828125
0 0.0755615234375 0.53662109375 0.07763671875 0.06439208984375
0 0.04498291015625 0.09967041015625 0.0899658203125 0.1083984375
0 0.0196380615234375 0.455322265625 0.02288818359375 0.050048828125
0 0.042388916015625 0.5185546875 0.03228759765625 0.0318603515625
0 0.126953125 0.415283203125 0.2421875 0.21435546875
0 0.06817626953125 0.66748046875 0.13427734375 0.1414794921875
0 0.41845703125 0.3818359375 0.23193359375 0.220703125
0 0.125732421875 0.72412109375 0.062103271484375 0.1490478515625
0 0.5419921875 0.310791015625 0.1983642578125 0.33544921875
0 0.62060546875 0.76171875 0.1143798828125 0.196533203125
0 0.591796875 0.603515625 0.1202392578125 0.153564453125
0 0.32373046875 0.701171875 0.35595703125 0.295654296875