0 0.4267578125 0.271240234375 0.25244140625 0.3115234375
0 0.2447509765625 0.491943359375 0.33203125 0.2322998046875
0 0.467529296875 0.5517578125 0.2127685546875 0.1683349609375
0 0.7451171875 0.65185546875 0.412109375 0.343017578125
0 0.037872314453125 0.8291015625 0.07574462890625 0.21044921875
0 0.06756591796875 0.2125244140625 0.13232421875 0.2166748046875
0 0.047882080078125 0.08343505859375 0.06549072265625 0.05340576171875
0 0.036346435546875 0.69384765625 0.07135009765625 0.0987548828125
0 0.1026611328125 0.7080078125 0.10052490234375 0.158447265625
0 0.7314453125 0.282470703125 0.061767578125 0.053802490234375
0 0.5712890625 0.69189453125 0.10723876953125 0.1844482421875
0 0.68603515625 0.313232421875 0.1629638671875 0.1815185546875
0 0.1134033203125 0.52587890625 0.11065673828125 0.1571044921875