0 0.54150390625 0.310791015625 0.2001953125 0.33544921875
0 0.59130859375 0.603515625 0.12042236328125 0.153564453125
0 0.6201171875 0.76123046875 0.1143798828125 0.19677734375
0 0.32275390625 0.70068359375 0.35498046875 0.2919921875
0 0.420654296875 0.382080078125 0.2362060546875 0.2210693359375
0 0.75 0.45556640625 0.287109375 0.227783203125
0 0.0196380615234375 0.455322265625 0.02288818359375 0.050048828125
0 0.126953125 0.415283203125 0.2421875 0.21435546875
0 0.044952392578125 0.09967041015625 0.08990478515625 0.1083984375
0 0.125732421875 0.72412109375 0.061981201171875 0.1492919921875
0 0.0755615234375 0.53662109375 0.07794189453125 0.06488037109375
0 0.0080718994140625 0.0640869140625 0.016143798828125 0.018768310546875
0 0.042388916015625 0.5185546875 0.0322265625 0.031982421875
0 0.06817626953125 0.66748046875 0.134033203125 0.1409912109375
0 0.859375 0.132568359375 0.033905029296875 0.02276611328125