0 0.2000732421875 0.88427734375 0.1949462890625 0.1478271484375
0 0.338134765625 0.8623046875 0.095703125 0.1458740234375
0 0.08770751953125 0.77294921875 0.11260986328125 0.1959228515625
0 0.048583984375 0.9150390625 0.09368896484375 0.1019287109375
0 0.09466552734375 0.64111328125 0.131591796875 0.073974609375
0 0.10540771484375 0.9111328125 0.10430908203125 0.105224609375
0 0.0236358642578125 0.8271484375 0.047271728515625 0.06964111328125
0 0.413330078125 0.849609375 0.0640869140625 0.1490478515625
0 0.047882080078125 0.67041015625 0.0948486328125 0.055206298828125
0 0.17626953125 0.7236328125 0.06683349609375 0.0830078125
0 0.8818359375 0.71533203125 0.223388671875 0.2166748046875
0 0.0231475830078125 0.5244140625 0.045013427734375 0.09368896484375
0 0.308349609375 0.429443359375 0.1026611328125 0.1895751953125
0 0.65283203125 0.56982421875 0.1895751953125 0.1282958984375
0 0.0830078125 0.560546875 0.1077880859375 0.080810546875
0 0.228271484375 0.51806640625 0.2037353515625 0.2486572265625
0 0.0328369140625 0.227783203125 0.06549072265625 0.07196044921875
0 0.487060546875 0.429931640625 0.1329345703125 0.2137451171875
0 0.61767578125 0.47119140625 0.2047119140625 0.122314453125
0 0.80615234375 0.48193359375 0.203369140625 0.227783203125
0 0.38525390625 0.1971435546875 0.1517333984375 0.256103515625
0 0.1396484375 0.19189453125 0.26220703125 0.2421875
0 0.2135009765625 0.347900390625 0.2247314453125 0.1287841796875
0 0.6201171875 0.7509765625 0.2130126953125 0.28466796875
0 0.07476806640625 0.31005859375 0.1429443359375 0.1181640625
0 0.2454833984375 0.732421875 0.2059326171875 0.116943359375
0 0.1353759765625 0.97216796875 0.1077880859375 0.052825927734375