0 0.5574951171875 0.4794921875 0.885009765625 0.958984375
0 0.11962890625 0.88177490234375 0.235107421875 0.2364501953125
0 0.34765625 0.27587890625 0.23828125 0.293212890625
0 0.298828125 0.50830078125 0.443115234375 0.2110595703125
0 0.12841796875 0.178466796875 0.2568359375 0.2340087890625
0 0.392333984375 0.7685546875 0.275146484375 0.42919921875
0 0.294921875 0.50048828125 0.35595703125 0.052703857421875
0 0.71923828125 0.2354736328125 0.338623046875 0.47021484375
0 0.467529296875 0.09637451171875 0.2108154296875 0.1871337890625
0 0.484619140625 0.33251953125 0.1556396484375 0.2127685546875
0 0.12939453125 0.75 0.1898193359375 0.1497802734375
0 0.5859375 0.425537109375 0.095703125 0.08251953125
0 0.1929931640625 0.85400390625 0.09185791015625 0.09039306640625
0 0.541015625 0.484619140625 0.129150390625 0.07598876953125
0 0.2386474609375 0.8486328125 0.0413818359375 0.1285400390625
0 0.29248046875 0.05047607421875 0.0863037109375 0.1009521484375
0 0.37158203125 0.041534423828125 0.0220794677734375 0.080078125
0 0.12310791015625 0.04217529296875 0.2462158203125 0.08062744140625
0 0.67236328125 0.29150390625 0.08062744140625 0.1500244140625
0 0.308349609375 0.885498046875 0.2646484375 0.22900390625
0 0.0224151611328125 0.50146484375 0.03515625 0.034881591796875