0 0.06927490234375 0.255126953125 0.080810546875 0.1181640625
0 0.360595703125 0.177978515625 0.1707763671875 0.302490234375
0 0.53515625 0.21832275390625 0.279052734375 0.4366455078125
0 0.74853515625 0.411865234375 0.2333984375 0.1787109375
0 0.15234375 0.5439453125 0.288330078125 0.02801513671875
0 0.17529296875 0.572265625 0.348388671875 0.2462158203125
0 0.07342529296875 0.9013671875 0.1441650390625 0.1429443359375
0 0.0150146484375 0.7470703125 0.0293731689453125 0.1419677734375
0 0.28466796875 0.33056640625 0.405029296875 0.2763671875
0 0.043701171875 0.250244140625 0.08648681640625 0.3671875
0 0.386474609375 0.724609375 0.293212890625 0.365234375
0 0.62744140625 0.55126953125 0.236572265625 0.2421875
0 0.79437255859375 0.7373046875 0.4112548828125 0.421630859375
0 0.408447265625 0.51416015625 0.2247314453125 0.1304931640625
0 0.138671875 0.8134765625 0.06500244140625 0.2354736328125