0 0.5367431640625 0.4837646484375 0.926513671875 0.967529296875
0 0.281005859375 0.419677734375 0.36572265625 0.2059326171875
0 0.306396484375 0.1737060546875 0.295654296875 0.335205078125
0 0.1314697265625 0.2413330078125 0.262939453125 0.267822265625
0 0.4501953125 0.30419921875 0.15234375 0.259033203125
0 0.6552734375 0.33740234375 0.257568359375 0.305419921875
0 0.12359619140625 0.06585693359375 0.12939453125 0.127197265625
0 0.6162109375 0.370849609375 0.11614990234375 0.10504150390625
0 0.63623046875 0.0276947021484375 0.227783203125 0.055389404296875
0 0.09027099609375 0.446533203125 0.1727294921875 0.2047119140625
0 0.383056640625 0.75 0.21630859375 0.395751953125
0 0.27783203125 0.90966796875 0.347412109375 0.169677734375
0 0.20068359375 0.814453125 0.08880615234375 0.2137451171875
0 0.8369140625 0.328857421875 0.155029296875 0.1488037109375
0 0.90478515625 0.105224609375 0.1895751953125 0.2037353515625
0 0.044525146484375 0.65185546875 0.08660888671875 0.265380859375
0 0.322998046875 0.57470703125 0.1898193359375 0.1563720703125
0 0.94287109375 0.405517578125 0.1055908203125 0.175537109375
0 0.932891845703125 0.258056640625 0.13421630859375 0.1268310546875