0 0.297607421875 0.54296875 0.54638671875 0.353271484375
0 0.230712890625 0.7353515625 0.16455078125 0.2440185546875
0 0.08209228515625 0.135009765625 0.1634521484375 0.0938720703125
0 0.0849609375 0.7197265625 0.169677734375 0.171875
0 0.4443359375 0.806640625 0.1798095703125 0.26513671875
0 0.04913330078125 0.85546875 0.092529296875 0.0259552001953125
0 0.09222412109375 0.951171875 0.17724609375 0.09027099609375
0 0.7138671875 0.363525390625 0.1429443359375 0.1463623046875
0 0.77001953125 0.337158203125 0.393798828125 0.40185546875
0 0.463134765625 0.49609375 0.2210693359375 0.058349609375
0 0.50146484375 0.302490234375 0.1563720703125 0.302978515625
0 0.326416015625 0.053985595703125 0.0264129638671875 0.1070556640625
0 0.1041259765625 0.04595947265625 0.158447265625 0.0177764892578125
0 0.105224609375 0.06707763671875 0.207275390625 0.1339111328125
0 0.2568359375 0.463134765625 0.3447265625 0.07708740234375
0 0.478759765625 0.7734375 0.0526123046875 0.169189453125
0 0.2340087890625 0.88427734375 0.2069091796875 0.1763916015625
0 0.1390380859375 0.8515625 0.08123779296875 0.0792236328125
0 0.237060546875 0.11102294921875 0.165283203125 0.2203369140625
0 0.060638427734375 0.8525390625 0.120849609375 0.2120361328125
0 0.059539794921875 0.35595703125 0.09417724609375 0.082275390625
0 0.267333984375 0.232666015625 0.077392578125 0.127685546875
0 0.7978515625 0.64453125 0.2183837890625 0.1744384765625
0 0.44140625 0.18798828125 0.03192138671875 0.044342041015625