0 0.7607421875 0.08463541666666669 0.47851562499999994 0.16276041666666669
0 0.461669921875 0.744140625 0.270263671875 0.404052734375
0 0.275634765625 0.38037109375 0.48095703125 0.283935546875
0 0.11376953125 0.493408203125 0.1761474609375 0.1048583984375
0 0.5458984375 0.477294921875 0.888671875 0.95458984375
0 0.07196044921875 0.1953125 0.1318359375 0.1591796875
0 0.77490234375 0.40673828125 0.364501953125 0.27294921875
0 0.51953125 0.321044921875 0.1702880859375 0.2418212890625
0 0.53369140625 0.2413330078125 0.1041259765625 0.1259765625
0 0.058135986328125 0.11029052734375 0.11627197265625 0.09588623046875
0 0.72998046875 0.445556640625 0.21533203125 0.046630859375
0 0.96484375 0.236572265625 0.06695556640625 0.2183837890625
0 0.2327880859375 0.040008544921875 0.161865234375 0.07977294921875
0 0.0537109375 0.327880859375 0.1033935546875 0.1705322265625
0 0.07586669921875 0.96044921875 0.1497802734375 0.07080078125
0 0.18408203125 0.791015625 0.2176513671875 0.2418212890625
0 0.2276611328125 0.609375 0.1441650390625 0.1556396484375
0 0.3544921875 0.697265625 0.1497802734375 0.21044921875
0 0.237060546875 0.7421875 0.072265625 0.091064453125
0 0.219970703125 0.1131591796875 0.041534423828125 0.08447265625
0 0.0471038818359375 0.0411376953125 0.094207763671875 0.0782470703125
0 0.0302734375 0.426513671875 0.04559326171875 0.07586669921875
0 0.4052734375 0.4990234375 0.223388671875 0.2210693359375
0 0.122314453125 0.91650390625 0.080810546875 0.04052734375
0 0.134521484375 0.0701904296875 0.08880615234375 0.13916015625
0 0.3369140625 0.1507568359375 0.10687255859375 0.076416015625
0 0.1695556640625 0.2330322265625 0.1463623046875 0.04638671875