0 0.9052734375 0.105224609375 0.18896484375 0.2039794921875
0 0.93280029296875 0.258056640625 0.1343994140625 0.1263427734375
0 0.943359375 0.406494140625 0.10577392578125 0.1778564453125
0 0.2010498046875 0.814453125 0.090576171875 0.21240234375
0 0.2802734375 0.916015625 0.34912109375 0.1573486328125
0 0.1239013671875 0.06585693359375 0.1300048828125 0.127197265625
0 0.13232421875 0.234375 0.263671875 0.252685546875
0 0.304443359375 0.1729736328125 0.2939453125 0.33251953125
0 0.662109375 0.334716796875 0.26318359375 0.3017578125
0 0.53564453125 0.487060546875 0.9287109375 0.97412109375
0 0.454345703125 0.303955078125 0.153076171875 0.2587890625
0 0.094482421875 0.441162109375 0.178955078125 0.2049560546875
0 0.6103515625 0.3701171875 0.10357666015625 0.0948486328125
0 0.10467529296875 0.66015625 0.09185791015625 0.2462158203125
0 0.281494140625 0.418212890625 0.368408203125 0.1953125
0 0.29638671875 0.576171875 0.2401123046875 0.1461181640625
0 0.044342041015625 0.65625 0.08477783203125 0.26123046875
0 0.83935546875 0.33251953125 0.1514892578125 0.1517333984375
0 0.385498046875 0.75439453125 0.2197265625 0.394287109375
0 0.6376953125 0.028167724609375 0.2305908203125 0.0548095703125
0 0.042816162109375 0.8681640625 0.08563232421875 0.263671875
0 0.1278076171875 0.8642578125 0.070068359375 0.23095703125
0 0.73828125 0.092529296875 0.0223236083984375 0.0181884765625
0 0.75537109375 0.07891845703125 0.0247039794921875 0.0236053466796875