0 0.12634277343750017 0.21118164062500006 0.245361328125 0.29541015625
0 0.338134765625 0.8623046875 0.09588623046875 0.1463623046875
0 0.2000732421875 0.88427734375 0.1953125 0.1480712890625
0 0.385498046875 0.195556640625 0.152587890625 0.25341796875
0 0.61474609375 0.751953125 0.2005615234375 0.277099609375
0 0.4130859375 0.84912109375 0.06439208984375 0.1510009765625
0 0.609375 0.4716796875 0.2156982421875 0.125732421875
0 0.6533203125 0.57080078125 0.1900634765625 0.12890625
0 0.2294921875 0.5205078125 0.20556640625 0.256103515625
0 0.80615234375 0.48193359375 0.2005615234375 0.2330322265625
0 0.08251953125 0.5595703125 0.10968017578125 0.0849609375
0 0.17626953125 0.7236328125 0.06695556640625 0.0831298828125
0 0.88134765625 0.7158203125 0.2237548828125 0.216064453125
0 0.02337646484375 0.52294921875 0.0455322265625 0.0982666015625
0 0.492919921875 0.429931640625 0.1434326171875 0.2117919921875
0 0.08770751953125 0.77294921875 0.11260986328125 0.1959228515625
0 0.0943603515625 0.64111328125 0.1318359375 0.073974609375
0 0.048492431640625 0.9150390625 0.0938720703125 0.102294921875
0 0.308349609375 0.4287109375 0.1033935546875 0.1922607421875
0 0.032958984375 0.228271484375 0.06561279296875 0.072509765625
0 0.02365875244140625 0.8271484375 0.0473175048828125 0.070068359375
0 0.105224609375 0.9111328125 0.10430908203125 0.1055908203125
0 0.047607421875 0.67041015625 0.09466552734375 0.05499267578125