0 0.07763671875 0.8310546875 0.102294921875 0.1500244140625
0 0.039703369140625 0.73388671875 0.0765380859375 0.08038330078125
0 0.1282958984375 0.7470703125 0.153076171875 0.11614990234375
0 0.1270751953125 0.8984375 0.08770751953125 0.2017822265625
0 0.07696533203125 0.970703125 0.055816650390625 0.056121826171875
0 0.376708984375 0.58203125 0.06817626953125 0.08770751953125
0 0.46875 0.5712890625 0.1104736328125 0.1744384765625
0 0.2337646484375 0.85498046875 0.09271240234375 0.1375732421875
0 0.0965576171875 0.63525390625 0.11798095703125 0.1287841796875
0 0.52734375 0.88525390625 0.08465576171875 0.2288818359375
0 0.45068359375 0.896942138671875 0.080078125 0.20611572265625
0 0.765625 0.62109375 0.094482421875 0.1475830078125
0 0.2225341796875 0.62255859375 0.1263427734375 0.1685791015625
0 0.2239990234375 0.09967041015625 0.13232421875 0.1680908203125
0 0.8681640625 0.11798095703125 0.220703125 0.2313232421875
0 0.8857421875 0.57763671875 0.1795654296875 0.1473388671875
0 0.33837890625 0.7236328125 0.255615234375 0.13818359375
0 0.5830078125 0.7939453125 0.162353515625 0.1815185546875
0 0.123443603515625 0.040985107421875 0.24688720703125 0.080078125
0 0.350830078125 0.0525665283203125 0.1607666015625 0.105133056640625
0 0.03839111328125 0.153564453125 0.07611083984375 0.1263427734375
0 0.049224853515625 0.2386474609375 0.09808349609375 0.092041015625
0 0.15576171875 0.422607421875 0.288330078125 0.159423828125
0 0.050506591796875 0.30029296875 0.08929443359375 0.09637451171875
0 0.705078125 0.380859375 0.07763671875 0.09271240234375
0 0.75341796875 0.435791015625 0.109130859375 0.1044921875
0 0.35009765625 0.85546875 0.1680908203125 0.15234375
0 0.533203125 0.098876953125 0.09088134765625 0.19775390625
0 0.325439453125 0.95703125 0.100341796875 0.0728759765625
0 0.87158203125 0.4091796875 0.1973876953125 0.174072265625
0 0.37109375 0.26171875 0.2230224609375 0.1766357421875
0 0.11395263671875 0.324951171875 0.11181640625 0.06561279296875
0 0.45068359375 0.1361083984375 0.1566162109375 0.1680908203125
0 0.427978515625 0.7822265625 0.13134765625 0.11279296875
0 0.62158203125 0.43603515625 0.09979248046875 0.08038330078125
0 0.339599609375 0.474365234375 0.127197265625 0.1434326171875
0 0.65478515625 0.529296875 0.195556640625 0.1396484375
0 0.53857421875 0.36962890625 0.08343505859375 0.11163330078125
0 0.2186279296875 0.52197265625 0.153076171875 0.08660888671875
0 0.552734375 0.27392578125 0.12335205078125 0.193115234375
0 0.322021484375 0.36083984375 0.06817626953125 0.091064453125
0 0.471435546875 0.6826171875 0.11920166015625 0.090576171875
0 0.63330078125 0.222412109375 0.063232421875 0.04913330078125
0 0.2354736328125 0.258056640625 0.06231689453125 0.046478271484375
0 0.1761474609375 0.2303466796875 0.02288818359375 0.044921875