0 0.791015625 0.5224609375 0.21533203125 0.2333984375
0 0.71337890625 0.7060546875 0.1357421875 0.154541015625
0 0.8203125 0.78564453125 0.23583984375 0.27099609375
0 0.035400390625 0.5087890625 0.06878662109375 0.04876708984375
0 0.050018310546875 0.56298828125 0.10003662109375 0.140380859375
0 0.397216796875 0.43115234375 0.08880615234375 0.158447265625
0 0.74365234375 0.6337890625 0.047607421875 0.034088134765625
0 0.0473785400390625 0.6875 0.094757080078125 0.1444091796875
0 0.260009765625 0.9541015625 0.03533935546875 0.08465576171875
0 0.1734619140625 0.68505859375 0.09619140625 0.1134033203125
0 0.463134765625 0.230224609375 0.2015380859375 0.1900634765625
0 0.6630859375 0.400390625 0.08929443359375 0.20556640625
0 0.01525115966796875 0.043365478515625 0.023651123046875 0.08673095703125
0 0.076141357421875 0.91845703125 0.15228271484375 0.15380859375
0 0.187255859375 0.043701171875 0.04803466796875 0.0552978515625
0 0.04302978515625 0.0478973388671875 0.0860595703125 0.095794677734375
0 0.3232421875 0.188232421875 0.05242919921875 0.051666259765625
0 0.434326171875 0.6689453125 0.203125 0.2091064453125
0 0.1685791015625 0.368408203125 0.2337646484375 0.11962890625
0 0.291748046875 0.77783203125 0.04168701171875 0.1656494140625
0 0.149169921875 0.78173828125 0.035491943359375 0.09967041015625
0 0.93701171875 0.044921875 0.047882080078125 0.040008544921875
0 0.310302734375 0.66650390625 0.07171630859375 0.08465576171875
0 0.921875 0.381591796875 0.0369873046875 0.038330078125
0 0.0299224853515625 0.36181640625 0.057373046875 0.08343505859375
0 0.332275390625 0.23583984375 0.0794677734375 0.15380859375
0 0.2147216796875 0.5341796875 0.0823974609375 0.0802001953125
0 0.296875 0.938079833984375 0.1015625 0.12384033203125
0 0.150634765625 0.60791015625 0.033203125 0.037322998046875
0 0.017303466796875 0.85302734375 0.0343017578125 0.037322998046875
0 0.1253662109375 0.251708984375 0.1514892578125 0.04376220703125
0 0.1253662109375 0.127197265625 0.044525146484375 0.0282135009765625