0 0.552734375 0.223876953125 0.164306640625 0.2587890625
0 0.5830078125 0.37060546875 0.203369140625 0.11981201171875
0 0.69287109375 0.351318359375 0.10357666015625 0.12939453125
0 0.7451171875 0.4326171875 0.2176513671875 0.289794921875
0 0.56396484375 0.57568359375 0.1456298828125 0.2379150390625
0 0.87109375 0.490966796875 0.123779296875 0.1466064453125
0 0.54736328125 0.451904296875 0.1571044921875 0.07879638671875
0 0.681640625 0.470703125 0.05560302734375 0.12890625
0 0.36279296875 0.5244140625 0.327880859375 0.19775390625
0 0.57763671875 0.70458984375 0.153076171875 0.1953125
0 0.38427734375 0.479736328125 0.2005615234375 0.030670166015625
0 0.7255859375 0.68408203125 0.2330322265625 0.343505859375
0 0.69775390625 0.64453125 0.059326171875 0.2313232421875