0 0.3466796875 0.293212890625 0.0445849609375 0.0437646484375
0 0.708984375 0.438720703125 0.119814453125 0.056640625
0 0.73486328125 0.46435546875 0.2027587890625 0.138427734375
0 0.369384765625 0.347900390625 0.139404296875 0.15869140625
0 0.51171875 0.78076171875 0.24365234375 0.37890625
0 0.0608544921875 0.472900390625 0.1214599609375 0.35107421875
0 0.304931640625 0.5196533203125 0.343994140625 0.2474951171875
0 0.5693359375 0.5009765625 0.1280517578125 0.1812744140625
0 0.79052734375 0.67236328125 0.0250390625 0.0477001953125
0 0.7666015625 0.8310546875 0.0270068359375 0.047880859375
0 0.6304931640625 0.264892578125 0.281982421875 0.46142578125