0 0.471435546875 0.4774169921875 0.94287109375 0.954833984375
0 0.1287841796875 0.259033203125 0.153076171875 0.12890625
0 0.036773681640625 0.20751953125 0.06866455078125 0.059539794921875
0 0.08538818359375 0.68994140625 0.11419677734375 0.09552001953125
0 0.1781005859375 0.56640625 0.0582275390625 0.0411376953125
0 0.03204345703125 0.84130859375 0.06256103515625 0.204345703125
0 0.2381591796875 0.0607452392578125 0.062225341796875 0.121490478515625
0 0.027374267578125 0.71728515625 0.051666259765625 0.076416015625
0 0.0305633544921875 0.54345703125 0.058349609375 0.049591064453125
0 0.24853515625 0.615234375 0.04620361328125 0.0240478515625
0 0.024658203125 0.06671142578125 0.044677734375 0.0517578125
0 0.07598876953125 0.09515380859375 0.0318603515625 0.09283447265625
0 0.3623046875 0.388916015625 0.0765380859375 0.050506591796875
0 0.010406494140625 0.250244140625 0.0200653076171875 0.058441162109375