0 0.08447265625 0.0511627197265625 0.12744140625 0.102325439453125
0 0.0849609375 0.1529541015625 0.1663818359375 0.30419921875
0 0.7685546875 0.5048828125 0.250244140625 0.1429443359375
0 0.484375 0.64208984375 0.15869140625 0.18359375
0 0.634765625 0.376708984375 0.1885986328125 0.206298828125
0 0.44091796875 0.4375 0.134765625 0.09368896484375
0 0.611328125 0.578125 0.100341796875 0.1650390625
0 0.55126953125 0.54736328125 0.045257568359375 0.08709716796875
0 0.7060546875 0.640625 0.169677734375 0.165283203125
0 0.5341796875 0.495849609375 0.1412353515625 0.09912109375
0 0.61865234375 0.45947265625 0.060211181640625 0.0282135009765625