0 0.22265625 0.623046875 0.1260986328125 0.169189453125
0 0.2239990234375 0.0994873046875 0.132568359375 0.1683349609375
0 0.34814453125 0.85693359375 0.16748046875 0.1512451171875
0 0.765625 0.6220703125 0.093994140625 0.1463623046875
0 0.650390625 0.533203125 0.201171875 0.1431884765625
0 0.07763671875 0.8310546875 0.102294921875 0.1502685546875
0 0.341552734375 0.478759765625 0.1307373046875 0.1427001953125
0 0.1270751953125 0.8984375 0.0880126953125 0.2021484375
0 0.8720703125 0.408447265625 0.1995849609375 0.173583984375
0 0.039794921875 0.73388671875 0.07666015625 0.08050537109375
0 0.44970703125 0.1365966796875 0.16259765625 0.1666259765625
0 0.8681640625 0.1175537109375 0.2210693359375 0.23095703125
0 0.350830078125 0.052337646484375 0.1610107421875 0.10467529296875
0 0.370361328125 0.260986328125 0.22265625 0.1744384765625
0 0.338134765625 0.72412109375 0.25537109375 0.137939453125
0 0.376953125 0.58251953125 0.06842041015625 0.0880126953125
0 0.15625 0.42431640625 0.28857421875 0.16162109375
0 0.46875 0.57177734375 0.11102294921875 0.1744384765625
0 0.58154296875 0.79443359375 0.1656494140625 0.1806640625
0 0.09686279296875 0.63525390625 0.118408203125 0.129150390625
0 0.8857421875 0.5771484375 0.1810302734375 0.1478271484375
0 0.62060546875 0.4287109375 0.1015625 0.09619140625
0 0.5341796875 0.09893798828125 0.09222412109375 0.1978759765625
0 0.12353515625 0.040985107421875 0.2470703125 0.080078125
0 0.70556640625 0.3798828125 0.07763671875 0.092041015625
0 0.171630859375 0.1427001953125 0.139404296875 0.169921875
0 0.751953125 0.435302734375 0.10614013671875 0.10394287109375
0 0.425048828125 0.78125 0.1331787109375 0.1134033203125
0 0.038116455078125 0.1531982421875 0.07586669921875 0.125732421875
0 0.53857421875 0.367431640625 0.08282470703125 0.11376953125
0 0.050811767578125 0.300537109375 0.08929443359375 0.09637451171875
0 0.52685546875 0.8837890625 0.08526611328125 0.2274169921875
0 0.07708740234375 0.970703125 0.055938720703125 0.056121826171875
0 0.04913330078125 0.2386474609375 0.09808349609375 0.09234619140625
0 0.56591796875 0.275634765625 0.11358642578125 0.194091796875
0 0.451904296875 0.896514892578125 0.08062744140625 0.20697021484375
0 0.2158203125 0.5166015625 0.1502685546875 0.11376953125
0 0.1285400390625 0.74658203125 0.1533203125 0.11614990234375
0 0.3251953125 0.95654296875 0.0999755859375 0.0728759765625
0 0.114990234375 0.32421875 0.11297607421875 0.06610107421875
0 0.2340087890625 0.85498046875 0.09283447265625 0.137939453125