0 0.7872721354166663 0.6461588541666664 0.41569010416666696 0.38736979166666663
0 0.6350911458333333 0.05777994791666666 0.7298177083333335 0.11555989583333331
0 0.59765625 0.083740234375 0.6025390625 0.1669921875
0 0.208984375 0.853515625 0.093505859375 0.1202392578125
0 0.273193359375 0.966796875 0.1815185546875 0.0615234375
0 0.037750244140625 0.2098388671875 0.0753173828125 0.21728515625
0 0.102996826171875 0.9609375 0.20599365234375 0.0704345703125
0 0.133056640625 0.0704345703125 0.191650390625 0.13818359375
0 0.03912353515625 0.68505859375 0.07489013671875 0.07208251953125
0 0.024139404296875 0.384033203125 0.047698974609375 0.1561279296875
0 0.1312255859375 0.435302734375 0.09722900390625 0.07208251953125
0 0.17236328125 0.257568359375 0.292236328125 0.30078125
0 0.96484375 0.369873046875 0.0276947021484375 0.03338623046875
0 0.26513671875 0.6572265625 0.345703125 0.29638671875
0 0.5244140625 0.269775390625 0.1934814453125 0.352294921875
0 0.47021484375 0.63623046875 0.162353515625 0.2425537109375
0 0.151611328125 0.20751953125 0.1600341796875 0.06756591796875
0 0.3779296875 0.406494140625 0.30126953125 0.241455078125
0 0.3984375 0.1484375 0.04400634765625 0.03302001953125
0 0.90185546875 0.41748046875 0.184814453125 0.313232421875
0 0.89599609375 0.400390625 0.0341796875 0.035552978515625
0 0.67041015625 0.857421875 0.0299835205078125 0.0230255126953125
0 0.96435546875 0.405517578125 0.0209197998046875 0.02215576171875
0 0.6416015625 0.9697265625 0.17333984375 0.05645751953125