0 0.64453125 0.1876220703125 0.2294921875 0.267333984375
0 0.81243896484375 0.31201171875 0.3751220703125 0.3564453125
0 0.2445068359375 0.929412841796875 0.47998046875 0.14117431640625
0 0.44873046875 0.2841796875 0.1810302734375 0.26806640625
0 0.697265625 0.7158203125 0.40869140625 0.48779296875
0 0.280517578125 0.4208984375 0.382080078125 0.227783203125
0 0.74951171875 0.361083984375 0.167724609375 0.1373291015625
0 0.4580078125 0.669921875 0.201171875 0.26318359375
0 0.1375732421875 0.75927734375 0.22509765625 0.2440185546875
0 0.120849609375 0.1278076171875 0.2386474609375 0.255615234375
0 0.294677734375 0.1322021484375 0.206298828125 0.264404296875
0 0.10302734375 0.5205078125 0.09637451171875 0.1202392578125
0 0.056549072265625 0.460693359375 0.11199951171875 0.1502685546875
0 0.7236328125 0.60205078125 0.2166748046875 0.2288818359375
0 0.07147216796875 0.32177734375 0.139404296875 0.129150390625
0 0.95458984375 0.67724609375 0.0217437744140625 0.0260009765625
0 0.3671875 0.7861328125 0.153076171875 0.19287109375
0 0.04656982421875 0.185302734375 0.0931396484375 0.09368896484375
0 0.042724609375 0.59375 0.0836181640625 0.11199951171875
0 0.023284912109375 0.8466796875 0.044769287109375 0.1165771484375