0 0.1796875 0.7421875 0.1199951171875 0.135498046875
0 0.12493896484375 0.87353515625 0.10394287109375 0.1026611328125
0 0.43603515625 0.72021484375 0.1124267578125 0.1983642578125
0 0.306884765625 0.6826171875 0.1605224609375 0.19873046875
0 0.1505126953125 0.47998046875 0.1639404296875 0.08770751953125
0 0.396728515625 0.87158203125 0.226806640625 0.15869140625
0 0.391845703125 0.331298828125 0.2451171875 0.2379150390625
0 0.07586669921875 0.60205078125 0.1265869140625 0.09771728515625
0 0.026611328125 0.90283203125 0.05194091796875 0.094482421875
0 0.156005859375 0.171142578125 0.08831787109375 0.09979248046875
0 0.55029296875 0.474609375 0.83544921875 0.94921875
0 0.07354736328125 0.888671875 0.072509765625 0.09637451171875
0 0.267333984375 0.857421875 0.07574462890625 0.161376953125
0 0.3642578125 0.52490234375 0.132568359375 0.1044921875
0 0.302978515625 0.436279296875 0.2037353515625 0.11859130859375
0 0.0594635009765625 0.1365966796875 0.118927001953125 0.1087646484375
0 0.047882080078125 0.7041015625 0.085693359375 0.1063232421875
0 0.430419921875 0.15771484375 0.1124267578125 0.09619140625
0 0.2020263671875 0.3408203125 0.1279296875 0.1661376953125
0 0.0240478515625 0.9609375 0.0460205078125 0.0582275390625
0 0.51953125 0.15185546875 0.2220458984375 0.3037109375
0 0.202392578125 0.63037109375 0.091064453125 0.0831298828125
0 0.1395263671875 0.244384765625 0.11419677734375 0.1033935546875
0 0.77587890625 0.280517578125 0.06719970703125 0.056243896484375
0 0.458984375 0.094207763671875 0.10821533203125 0.18841552734375
0 0.034759521484375 0.478759765625 0.06756591796875 0.0830078125
0 0.304443359375 0.07879638671875 0.25830078125 0.155029296875
0 0.42041015625 0.5703125 0.1663818359375 0.17529296875
0 0.04376220703125 0.2447509765625 0.064208984375 0.0867919921875
0 0.10650634765625 0.10650634765625 0.06781005859375 0.109130859375
0 0.0592041015625 0.80126953125 0.08770751953125 0.0836181640625