0 0.7228190104166665 0.6300455729166665 0.35375976562500006 0.4571329752604167
0 0.441162109375 0.671875 0.190673828125 0.2744140625
0 0.2120361328125 0.70947265625 0.37841796875 0.34033203125
0 0.115966796875 0.290283203125 0.2298583984375 0.327880859375
0 0.31787109375 0.420654296875 0.359130859375 0.26171875
0 0.4541015625 0.2467041015625 0.222412109375 0.416748046875
0 0.080810546875 0.087890625 0.1610107421875 0.1724853515625
0 0.08929443359375 0.484375 0.11297607421875 0.09039306640625
0 0.07794189453125 0.2734375 0.1451416015625 0.0531005859375
0 0.3564453125 0.035888671875 0.406005859375 0.07080078125
0 0.626953125 0.779296875 0.17138671875 0.1859130859375
0 0.64404296875 0.07891845703125 0.184814453125 0.153076171875
0 0.01837158203125 0.765625 0.035491943359375 0.08526611328125