0 0.7001953125 0.4900173611111111 0.1981201171875 0.2575954861111111
0 0.599609375 0.2478298611111111 0.1451416015625 0.2816840277777778
0 0.42919921875 0.1488715277777778 0.10052490234375 0.12727864583333334
0 0.44873046875 0.2725694444444444 0.13232421875 0.21299913194444445
0 0.61279296875 0.65234375 0.09271240234375 0.17936197916666666
0 0.314208984375 0.12163628472222222 0.09039306640625 0.15104166666666666
0 0.249267578125 0.4201388888888889 0.18212890625 0.1870659722222222
0 0.2646484375 0.2064887152777778 0.1439208984375 0.19032118055555555
0 0.7568359375 0.7712673611111112 0.2509765625 0.2156032986111111
0 0.50341796875 0.6927083333333334 0.10595703125 0.142578125
0 0.420166015625 0.5021701388888888 0.165283203125 0.3869357638888889
0 0.533203125 0.4264322916666667 0.1070556640625 0.3598090277777778
0 0.57568359375 0.8702256944444444 0.13232421875 0.2584635416666667
0 0.294921875 0.5763888888888888 0.12042236328125 0.1694878472222222
0 0.39501953125 0.8207465277777778 0.184814453125 0.18348524305555555
0 0.39892578125 0.6506076388888888 0.0784912109375 0.1584201388888889
0 0.266845703125 0.6783854166666666 0.1190185546875 0.20442708333333334
0 0.30859375 0.8858506944444444 0.1175537109375 0.13248697916666666
0 0.435546875 0.9409722222222222 0.158203125 0.109375
0 0.4912109375 0.1423611111111111 0.0831298828125 0.1247829861111111
0 0.258544921875 0.8634440104166666 0.122314453125 0.2731119791666667
0 0.366455078125 0.2437065972222222 0.054412841796875 0.17588975694444445
0 0.31591796875 0.9523790147569444 0.10284423828125 0.0952419704861111