0 0.146484375 0.61962890625 0.0328369140625 0.07794189453125
0 0.09332275390625 0.64501953125 0.093505859375 0.049957275390625
0 0.0633544921875 0.72705078125 0.1231689453125 0.1566162109375
0 0.1468505859375 0.53076171875 0.06732177734375 0.11456298828125
0 0.065338134765625 0.5830078125 0.13067626953125 0.09588623046875
0 0.76513671875 0.486572265625 0.0994873046875 0.1300048828125
0 0.8623046875 0.4697265625 0.11163330078125 0.1114501953125
0 0.1253662109375 0.64111328125 0.247314453125 0.33642578125
0 0.80419921875 0.312255859375 0.089599609375 0.171875
0 0.917083740234375 0.3564453125 0.16583251953125 0.1165771484375
0 0.68798828125 0.366943359375 0.2069091796875 0.1240234375
0 0.056976318359375 0.28857421875 0.0743408203125 0.1048583984375
0 0.04107666015625 0.216064453125 0.0809326171875 0.06805419921875
0 0.09808349609375 0.1883544921875 0.1934814453125 0.304443359375
0 0.04400634765625 0.1143798828125 0.087890625 0.1488037109375
0 0.1556396484375 0.1483154296875 0.07354736328125 0.08447265625
0 0.1781005859375 0.5537109375 0.04620361328125 0.1048583984375