0 0.218994140625 0.48388671875 0.3818359375 0.1934814453125
0 0.3583984375 0.32177734375 0.2802734375 0.28662109375
0 0.32568359375 0.1517333984375 0.2088623046875 0.2127685546875
0 0.44970703125 0.476806640625 0.8994140625 0.95361328125
0 0.9248046875 0.289306640625 0.1483154296875 0.35595703125
0 0.1878662109375 0.83837890625 0.22607421875 0.1495361328125
0 0.1683349609375 0.09185791015625 0.154541015625 0.1429443359375
0 0.5556640625 0.04168701171875 0.1439208984375 0.0810546875
0 0.0259552001953125 0.182861328125 0.051849365234375 0.186279296875
0 0.05780029296875 0.3173828125 0.11358642578125 0.2305908203125
0 0.262939453125 0.68359375 0.091064453125 0.11676025390625
0 0.03033447265625 0.64208984375 0.05987548828125 0.2330322265625
0 0.0792236328125 0.72900390625 0.1478271484375 0.298828125
0 0.283447265625 0.90625 0.0728759765625 0.1856689453125
0 0.6171875 0.1466064453125 0.18896484375 0.177001953125
0 0.939910888671875 0.072418212890625 0.12017822265625 0.14483642578125
0 0.019012451171875 0.445556640625 0.036163330078125 0.09417724609375
0 0.10321044921875 0.6435546875 0.0775146484375 0.10211181640625
0 0.1724853515625 0.25341796875 0.11065673828125 0.2001953125