0 0.44384765625 0.60595703125 0.292236328125 0.2333984375
0 0.7431640625 0.55419921875 0.283447265625 0.1663818359375
0 0.83642578125 0.05242919921875 0.0252685546875 0.020965576171875
0 0.82568359375 0.011199951171875 0.03204345703125 0.021331787109375
0 0.53662109375 0.410400390625 0.119384765625 0.23974609375
0 0.33447265625 0.03656005859375 0.0455322265625 0.033966064453125
0 0.79052734375 0.08740234375 0.0252227783203125 0.0171051025390625
0 0.0374755859375 0.023193359375 0.0252227783203125 0.03802490234375
0 0.79296875 0.024658203125 0.03167724609375 0.0482177734375
0 0.869140625 0.145751953125 0.03759765625 0.03277587890625
0 0.06268310546875 0.165283203125 0.04046630859375 0.04559326171875
0 0.09124755859375 0.10247802734375 0.06695556640625 0.050048828125
0 0.1063232421875 0.06781005859375 0.05718994140625 0.043121337890625