0 0.0831298828125 0.70263671875 0.10321044921875 0.159423828125
0 0.026702880859375 0.81689453125 0.052337646484375 0.20947265625
0 0.037811279296875 0.07147216796875 0.06744384765625 0.055206298828125
0 0.0257110595703125 0.6875 0.05072021484375 0.10931396484375
0 0.07720947265625 0.45361328125 0.0293121337890625 0.042022705078125
0 0.301513671875 0.07891845703125 0.056976318359375 0.054595947265625
0 0.56103515625 0.022125244140625 0.279052734375 0.04425048828125
0 0.0618896484375 0.195556640625 0.12213134765625 0.2410888671875
0 0.228515625 0.457275390625 0.270263671875 0.0816650390625
0 0.71337890625 0.3017578125 0.050506591796875 0.04400634765625
0 0.0894775390625 0.5361328125 0.11297607421875 0.1746826171875
0 0.66357421875 0.336181640625 0.162109375 0.18359375
0 0.4443359375 0.5576171875 0.218017578125 0.169921875
0 0.337646484375 0.1026611328125 0.034759521484375 0.04595947265625
0 0.2257080078125 0.498291015625 0.3291015625 0.227783203125
0 0.537109375 0.7021484375 0.09124755859375 0.1766357421875
0 0.41064453125 0.284423828125 0.25830078125 0.307861328125
0 0.716796875 0.66943359375 0.37841796875 0.34033203125