0 0.35986328125 0.5234375 0.327392578125 0.2001953125
0 0.7255859375 0.685546875 0.2313232421875 0.342041015625
0 0.56494140625 0.572265625 0.1470947265625 0.2454833984375
0 0.552734375 0.223876953125 0.164794921875 0.259033203125
0 0.87109375 0.490966796875 0.1240234375 0.1473388671875
0 0.32958984375 0.5 0.2220458984375 0.046905517578125
0 0.57861328125 0.7001953125 0.153076171875 0.2047119140625
0 0.55029296875 0.452392578125 0.1533203125 0.07891845703125
0 0.744140625 0.432861328125 0.2156982421875 0.291015625
0 0.58251953125 0.3701171875 0.203125 0.1187744140625
0 0.69970703125 0.64501953125 0.060089111328125 0.1934814453125
0 0.384033203125 0.4814453125 0.1947021484375 0.03448486328125
0 0.69384765625 0.351318359375 0.105224609375 0.12939453125
0 0.67919921875 0.470947265625 0.058013916015625 0.1287841796875