0 0.6630859375 0.400634765625 0.08880859375 0.20654296875
0 0.441162109375 0.67138671875 0.2108154296875 0.2081298828125
0 0.2220458984375 0.79296875 0.1318359375 0.203369140625
0 0.712890625 0.70556640625 0.135498046875 0.154296875
0 0.1807861328125 0.494873046875 0.2037353515625 0.259033203125
0 0.4638671875 0.230224609375 0.202392578125 0.1895751953125
0 0.1143798828125 0.24072265625 0.2281494140625 0.2078857421875
0 0.791015625 0.5224609375 0.2156982421875 0.2340087890625
0 0.166259765625 0.368408203125 0.2254638671875 0.1145654296875
0 0.0484912109375 0.6875 0.096865234375 0.1451416015625
0 0.66552734375 0.8037109375 0.0860009765625 0.1424560546875
0 0.1734619140625 0.6845703125 0.0965576171875 0.1131591796875
0 0.07806640625 0.91845703125 0.1556396484375 0.15380859375
0 0.049970703125 0.5634765625 0.0999462890625 0.140625
0 0.0769677734375 0.78271484375 0.1512451171875 0.1285400390625
0 0.04255859375 0.04763671875 0.0851123046875 0.0952783203125
0 0.291015625 0.223388671875 0.1507568359375 0.1856689453125
0 0.8203125 0.78564453125 0.23583984375 0.2705078125
0 0.1583251953125 0.0746484375 0.1083984375 0.1478271484375
0 0.396728515625 0.431396484375 0.089111328125 0.159423828125
0 0.74365234375 0.6337890625 0.0477001953125 0.0341796875
0 0.296875 0.951171875 0.07421875 0.0941796875
0 0.0130224609375 0.106142578125 0.0251318359375 0.0516650390625
0 0.1873779296875 0.0439453125 0.04904296875 0.056337890625
0 0.260009765625 0.9541015625 0.0352197265625 0.08447265625
0 0.0354931640625 0.5087890625 0.0689111328125 0.0489501953125
0 0.32275390625 0.1878662109375 0.05251953125 0.0510888671875
0 0.11126953125 0.74169921875 0.0753173828125 0.0589013671875
0 0.68603515625 0.02728515625 0.186279296875 0.0545654296875
0 0.0153662109375 0.04142578125 0.0229345703125 0.0828564453125