0 0.39453125 0.196533203125 0.260498046875 0.376220703125
0 0.32275390625 0.3857421875 0.364013671875 0.274169921875
0 0.7744140625 0.2176513671875 0.353271484375 0.281982421875
0 0.4254150390625 0.5081787109375 0.850830078125 0.983642578125
0 0.295654296875 0.66357421875 0.339111328125 0.294677734375
0 0.97265625 0.034759521484375 0.04443359375 0.044921875
0 0.9853515625 0.08209228515625 0.018585205078125 0.0180511474609375
0 0.17236328125 0.912109375 0.3447265625 0.174072265625
0 0.9462890625 0.0765380859375 0.0241851806640625 0.0271759033203125
0 0.92431640625 0.073974609375 0.0224609375 0.023284912109375
0 0.626953125 0.378173828125 0.1959228515625 0.265380859375
0 0.09271240234375 0.70166015625 0.129638671875 0.227783203125
0 0.216064453125 0.857421875 0.1287841796875 0.12445068359375
0 0.06805419921875 0.2362060546875 0.134033203125 0.363037109375
0 0.2467041015625 0.15869140625 0.10821533203125 0.1937255859375
0 0.035552978515625 0.05792236328125 0.071044921875 0.049407958984375
0 0.02838134765625 0.81396484375 0.0567626953125 0.07781982421875
0 0.02392578125 0.1279296875 0.0478515625 0.05224609375
0 0.13134765625 0.51513671875 0.164794921875 0.0999755859375
0 0.2027587890625 0.0633544921875 0.08197021484375 0.08251953125
0 0.1600341796875 0.159912109375 0.106689453125 0.02752685546875
0 0.034088134765625 0.56298828125 0.06549072265625 0.078369140625
0 0.5576171875 0.059326171875 0.07720947265625 0.1063232421875