0 0.2646484375 0.658203125 0.343017578125 0.294677734375
0 0.538330078125 0.4949951171875 0.92333984375 0.989990234375
0 0.1710205078125 0.258056640625 0.290283203125 0.302001953125
0 0.379150390625 0.407470703125 0.30078125 0.2418212890625
0 0.5234375 0.270263671875 0.2001953125 0.352294921875
0 0.1326904296875 0.0703125 0.191650390625 0.137939453125
0 0.47265625 0.634765625 0.164306640625 0.24072265625
0 0.45849609375 0.06231689453125 0.347900390625 0.12274169921875
0 0.1558837890625 0.20751953125 0.171875 0.07171630859375
0 0.273681640625 0.966796875 0.181884765625 0.0615234375
0 0.380615234375 0.2225341796875 0.0252685546875 0.0263519287109375
0 0.13134765625 0.435546875 0.09722900390625 0.07183837890625
0 0.037750244140625 0.2095947265625 0.0753173828125 0.2166748046875
0 0.2088623046875 0.853515625 0.09332275390625 0.12042236328125
0 0.11102294921875 0.9111328125 0.159423828125 0.12744140625
0 0.900390625 0.421142578125 0.1842041015625 0.33154296875
0 0.103057861328125 0.9609375 0.20611572265625 0.0703125
0 0.03912353515625 0.68505859375 0.07489013671875 0.07196044921875
0 0.02423095703125 0.384033203125 0.047882080078125 0.1558837890625
0 0.398681640625 0.149169921875 0.044281005859375 0.034088134765625
0 0.6845703125 0.0869140625 0.186279296875 0.1600341796875
0 0.96484375 0.369873046875 0.0279541015625 0.033966064453125