0 0.89892578125 0.11737060546875 0.19775390625 0.2271728515625
0 0.11181640625 0.1351318359375 0.123779296875 0.1302490234375
0 0.93896484375 0.288818359375 0.12066650390625 0.12744140625
0 0.955078125 0.431884765625 0.089599609375 0.16943359375
0 0.1473388671875 0.91455078125 0.09039306640625 0.1650390625
0 0.01953125 0.9365234375 0.036712646484375 0.1087646484375
0 0.0604248046875 0.9033203125 0.091552734375 0.1910400390625
0 0.298583984375 0.236572265625 0.310791015625 0.328125
0 0.8564453125 0.3583984375 0.13134765625 0.138671875
0 0.04010009765625 0.80078125 0.07763671875 0.164306640625
0 0.11993408203125 0.736328125 0.09893798828125 0.263671875
0 0.13177490234375 0.3046875 0.2635498046875 0.252685546875
0 0.67138671875 0.380126953125 0.28076171875 0.297607421875
0 0.30712890625 0.64501953125 0.2264404296875 0.1514892578125
0 0.2259521484375 0.8798828125 0.10089111328125 0.2110595703125
0 0.1165771484375 0.50634765625 0.2197265625 0.1904296875
0 0.281005859375 0.479736328125 0.370361328125 0.1724853515625
0 0.549560546875 0.4842529296875 0.90087890625 0.968505859375
0 0.66357421875 0.054290771484375 0.263916015625 0.1063232421875
0 0.3896484375 0.80889892578125 0.1937255859375 0.3822021484375