0 0.89892578125 0.1171875 0.19775390625 0.226806640625
0 0.4638671875 0.355224609375 0.1707763671875 0.251220703125
0 0.67333984375 0.380615234375 0.283203125 0.297119140625
0 0.1312255859375 0.303466796875 0.262451171875 0.2509765625
0 0.296875 0.2347412109375 0.306640625 0.323486328125
0 0.85595703125 0.35791015625 0.1302490234375 0.137939453125
0 0.63671875 0.410400390625 0.12066650390625 0.110107421875
0 0.286865234375 0.479248046875 0.376708984375 0.1812744140625
0 0.224609375 0.88134765625 0.0987548828125 0.2069091796875
0 0.11199951171875 0.135009765625 0.1240234375 0.1298828125
0 0.955078125 0.432373046875 0.089599609375 0.1710205078125
0 0.11737060546875 0.50830078125 0.2203369140625 0.1898193359375
0 0.4632568359375 0.4822998046875 0.926513671875 0.964599609375
0 0.39111328125 0.80712890625 0.1993408203125 0.3857421875
0 0.93896484375 0.288818359375 0.12066650390625 0.127197265625
0 0.305908203125 0.64453125 0.2330322265625 0.1517333984375
0 0.040374755859375 0.7998046875 0.07794189453125 0.165283203125
0 0.060516357421875 0.90283203125 0.09173583984375 0.191650390625
0 0.1473388671875 0.9140625 0.09088134765625 0.1658935546875
0 0.662109375 0.05419921875 0.267822265625 0.10614013671875
0 0.019378662109375 0.93701171875 0.0364990234375 0.1087646484375
0 0.11981201171875 0.736328125 0.09893798828125 0.2646484375