0 0.393310546875 0.2418212890625 0.2322998046875 0.384521484375
0 0.0855712890625 0.75830078125 0.1688232421875 0.158935546875
0 0.275390625 0.46533203125 0.423095703125 0.242919921875
0 0.061981201171875 0.8525390625 0.1163330078125 0.10723876953125
0 0.7841796875 0.60107421875 0.422607421875 0.279052734375
0 0.12054443359375 0.0740966796875 0.240478515625 0.1453857421875
0 0.0965576171875 0.1737060546875 0.167724609375 0.11737060546875
0 0.153564453125 0.87432861328125 0.1500244140625 0.2513427734375
0 0.80810546875 0.130859375 0.029541015625 0.0263519287109375
0 0.39306640625 0.047515869140625 0.2230224609375 0.091064453125
0 0.4248046875 0.7109375 0.184814453125 0.35400390625
0 0.062103271484375 0.67724609375 0.12335205078125 0.1396484375
0 0.3232421875 0.7265625 0.053009033203125 0.1114501953125
0 0.63916015625 0.97216796875 0.198974609375 0.0552978515625
0 0.02306365966796875 0.8779296875 0.0461273193359375 0.06939697265625
0 0.724609375 0.37060546875 0.2379150390625 0.2139892578125
0 0.05718994140625 0.34033203125 0.1121826171875 0.11297607421875
0 0.36669921875 0.90185546875 0.1451416015625 0.10211181640625
0 0.75830078125 0.8427734375 0.271240234375 0.27880859375
0 0.05792236328125 0.2454833984375 0.11395263671875 0.13232421875
0 0.1656494140625 0.330078125 0.1517333984375 0.1466064453125
0 0.09637451171875 0.43798828125 0.06756591796875 0.1070556640625
0 0.6005859375 0.880859375 0.1260986328125 0.1473388671875
0 0.94091796875 0.454345703125 0.1181640625 0.305419921875
0 0.381103515625 0.9658203125 0.254150390625 0.06256103515625
0 0.1934814453125 0.1622314453125 0.155029296875 0.2127685546875
0 0.0369720458984375 0.430419921875 0.073944091796875 0.0953369140625