0 0.10650634765625 0.106689453125 0.06768798828125 0.1087646484375
0 0.15576171875 0.171142578125 0.0880126953125 0.09979248046875
0 0.1395263671875 0.244384765625 0.11358642578125 0.10357666015625
0 0.304443359375 0.07861328125 0.259033203125 0.15478515625
0 0.04376220703125 0.2447509765625 0.064208984375 0.0867919921875
0 0.059295654296875 0.136474609375 0.11859130859375 0.1087646484375
0 0.430419921875 0.157470703125 0.11199951171875 0.09600830078125
0 0.15087890625 0.480712890625 0.164794921875 0.089111328125
0 0.46044921875 0.093994140625 0.11126708984375 0.18798828125
0 0.035064697265625 0.479736328125 0.06805419921875 0.0850830078125
0 0.1256103515625 0.873046875 0.10540771484375 0.1041259765625
0 0.1802978515625 0.7421875 0.1214599609375 0.1365966796875
0 0.436767578125 0.720703125 0.11199951171875 0.200927734375
0 0.267333984375 0.85693359375 0.07476806640625 0.1605224609375
0 0.2021484375 0.630859375 0.09136962890625 0.08251953125
0 0.028594970703125 0.90478515625 0.055938720703125 0.090576171875
0 0.310302734375 0.68310546875 0.1702880859375 0.202392578125
0 0.07196044921875 0.88818359375 0.07861328125 0.09332275390625
0 0.39013671875 0.33642578125 0.2440185546875 0.24072265625
0 0.39794921875 0.876953125 0.228515625 0.164306640625
0 0.04742431640625 0.703125 0.08660888671875 0.1041259765625
0 0.55029296875 0.48193359375 0.83740234375 0.9638671875
0 0.363037109375 0.5224609375 0.1329345703125 0.09686279296875
0 0.7744140625 0.282470703125 0.07159423828125 0.060638427734375
0 0.059112548828125 0.80078125 0.091064453125 0.083740234375
0 0.54736328125 0.1563720703125 0.250244140625 0.311279296875
0 0.4228515625 0.57080078125 0.15869140625 0.173583984375
0 0.3115234375 0.445556640625 0.2091064453125 0.11474609375
0 0.07598876953125 0.6064453125 0.127685546875 0.1015625
0 0.1988525390625 0.342529296875 0.12127685546875 0.162353515625
0 0.2340087890625 0.5888671875 0.06536865234375 0.09552001953125
0 0.179931640625 0.849609375 0.07366943359375 0.11260986328125
0 0.07806396484375 0.229736328125 0.042236328125 0.0863037109375
0 0.097412109375 0.35986328125 0.09234619140625 0.0855712890625
0 0.049224853515625 0.380126953125 0.06658935546875 0.06671142578125
0 0.2406005859375 0.80419921875 0.0982666015625 0.12249755859375
0 0.0999755859375 0.451416015625 0.050994873046875 0.08538818359375
0 0.224609375 0.1644287109375 0.1602783203125 0.10247802734375
0 0.110107421875 0.30029296875 0.08038330078125 0.08343505859375
0 0.48291015625 0.49951171875 0.05792236328125 0.0982666015625
0 0.80810546875 0.293701171875 0.0224151611328125 0.081787109375