0 0.4794921875 0.2064208984375 0.20849609375 0.34423828125
0 0.538330078125 0.4886474609375 0.92333984375 0.977294921875
0 0.279052734375 0.3583984375 0.3603515625 0.27880859375
0 0.2352294921875 0.62841796875 0.444091796875 0.293212890625
0 0.7177734375 0.16650390625 0.247314453125 0.31005859375
0 0.047515869140625 0.57177734375 0.093994140625 0.20947265625
0 0.1378173828125 0.1273193359375 0.07708740234375 0.1485595703125
0 0.28271484375 0.59814453125 0.1973876953125 0.09417724609375
0 0.178955078125 0.9565887451171875 0.1334228515625 0.086822509765625
0 0.37744140625 0.02691650390625 0.34619140625 0.051849365234375
0 0.1336669921875 0.419677734375 0.08062744140625 0.05450439453125