0 0.105987548828125 0.194580078125 0.21197509765625 0.1639404296875
0 0.39208984375 0.253173828125 0.2410888671875 0.31494140625
0 0.68701171875 0.25439453125 0.245849609375 0.334228515625
0 0.424072265625 0.658203125 0.1761474609375 0.2340087890625
0 0.08331298828125 0.06671142578125 0.164794921875 0.1302490234375
0 0.61279296875 0.7509765625 0.194091796875 0.39013671875
0 0.1153564453125 0.88916015625 0.22607421875 0.1683349609375
0 0.97509765625 0.80029296875 0.030914306640625 0.0304412841796875
0 0.9052734375 0.319580078125 0.1871337890625 0.328125
0 0.1864013671875 0.615234375 0.1026611328125 0.140380859375
0 0.09417724609375 0.364013671875 0.06829833984375 0.080078125
0 0.2391357421875 0.06536865234375 0.1961669921875 0.12744140625
0 0.06231689453125 0.60888671875 0.1070556640625 0.1702880859375
0 0.96044921875 0.065826416015625 0.0791015625 0.13165283203125
0 0.017303466796875 0.546875 0.03253173828125 0.08270263671875
0 0.04638671875 0.441162109375 0.09271240234375 0.09722900390625
0 0.4248046875 0.141845703125 0.0703125 0.06256103515625
0 0.96875 0.76806640625 0.04296875 0.0300445556640625
0 0.91796875 0.865234375 0.019561767578125 0.0230255126953125
0 0.00891876220703125 0.142822265625 0.0173797607421875 0.051177978515625
0 0.0094146728515625 0.77783203125 0.017578125 0.04510498046875