0 0.1290283203125 0.72412109375 0.2230224609375 0.11676025390625
0 0.2646484375 0.889892578125 0.1171875 0.22021484375
0 0.255615234375 0.568359375 0.1436767578125 0.1895751953125
0 0.6572265625 0.406982421875 0.173583984375 0.08251953125
0 0.219970703125 0.78759765625 0.12744140625 0.11981201171875
0 0.6103515625 0.28857421875 0.2091064453125 0.1434326171875
0 0.73095703125 0.3486328125 0.11474609375 0.03912353515625
0 0.298828125 0.76318359375 0.060211181640625 0.1087646484375
0 0.61962890625 0.53662109375 0.06842041015625 0.11798095703125
0 0.385009765625 0.697265625 0.154541015625 0.12445068359375
0 0.72314453125 0.55029296875 0.105224609375 0.16162109375
0 0.42041015625 0.74755859375 0.1368408203125 0.10107421875
0 0.7958984375 0.495361328125 0.26806640625 0.255615234375
0 0.69384765625 0.43603515625 0.08270263671875 0.07147216796875
0 0.57470703125 0.34228515625 0.1309814453125 0.0948486328125
0 0.8427734375 0.2841796875 0.1177978515625 0.1898193359375
0 0.2135009765625 0.7119140625 0.0521240234375 0.0231475830078125