0 0.109130859375 0.95556640625 0.1199951171875 0.0867919921875
0 0.0849609375 0.8701171875 0.056549072265625 0.09320068359375
0 0.10015869140625 0.6435546875 0.153076171875 0.269775390625
0 0.2384033203125 0.6044921875 0.1259765625 0.110107421875
0 0.1370849609375 0.54638671875 0.0723876953125 0.07965087890625
0 0.1246337890625 0.849609375 0.07611083984375 0.08758544921875
0 0.302490234375 0.83154296875 0.07806396484375 0.1995849609375
0 0.2425537109375 0.034088134765625 0.158447265625 0.06512451171875
0 0.0299835205078125 0.58837890625 0.058563232421875 0.152587890625
0 0.062225341796875 0.5556640625 0.07879638671875 0.1983642578125
0 0.05792236328125 0.12890625 0.11279296875 0.25244140625
0 0.3935546875 0.09417724609375 0.20849609375 0.1859130859375
0 0.040618896484375 0.33154296875 0.08123779296875 0.1300048828125
0 0.889984130859375 0.05780029296875 0.22003173828125 0.11376953125
0 0.72021484375 0.08477783203125 0.227783203125 0.167236328125
0 0.6220703125 0.264404296875 0.23974609375 0.37939453125
0 0.3955078125 0.26025390625 0.2203369140625 0.283447265625
0 0.2027587890625 0.75341796875 0.2149658203125 0.1436767578125
0 0.1104736328125 0.22216796875 0.1131591796875 0.2393798828125
0 0.8355712890625 0.454345703125 0.328857421875 0.2137451171875
0 0.44580078125 0.521484375 0.15283203125 0.16162109375
0 0.630859375 0.5068359375 0.1358642578125 0.203125
0 0.45068359375 0.76025390625 0.1444091796875 0.32470703125
0 0.27978515625 0.4033203125 0.412109375 0.228515625
0 0.52294921875 0.75341796875 0.1163330078125 0.331298828125
0 0.0453643798828125 0.457763671875 0.090728759765625 0.08135986328125