0 0.43115234375 0.4951171875 0.137939453125 0.16943359375
0 0.09979248046875 0.7548828125 0.1981201171875 0.135009765625
0 0.1771240234375 0.2425537109375 0.134033203125 0.2021484375
0 0.2152099609375 0.06243896484375 0.172119140625 0.12359619140625
0 0.922515869140625 0.7529296875 0.15496826171875 0.13916015625
0 0.291259765625 0.490478515625 0.1661376953125 0.158447265625
0 0.7177734375 0.265869140625 0.2147216796875 0.1993408203125
0 0.075439453125 0.134033203125 0.134521484375 0.119384765625
0 0.388916015625 0.87353515625 0.153076171875 0.2486572265625
0 0.853515625 0.1392822265625 0.2386474609375 0.278564453125
0 0.66552734375 0.44970703125 0.2186279296875 0.18505859375
0 0.587890625 0.705078125 0.123779296875 0.1766357421875
0 0.1177978515625 0.464599609375 0.1632080078125 0.1558837890625
0 0.78857421875 0.7919921875 0.1279296875 0.1514892578125
0 0.59765625 0.0665283203125 0.1417236328125 0.133056640625
0 0.705078125 0.75146484375 0.07763671875 0.062103271484375
0 0.15234375 0.87548828125 0.1331787109375 0.198974609375
0 0.060089111328125 0.06231689453125 0.12017822265625 0.09332275390625
0 0.08819580078125 0.32177734375 0.174072265625 0.1900634765625
0 0.06756591796875 0.630859375 0.132080078125 0.09368896484375
0 0.2119140625 0.1800537109375 0.0869140625 0.1124267578125
0 0.677734375 0.83740234375 0.1688232421875 0.1798095703125
0 0.255615234375 0.6044921875 0.13818359375 0.127685546875
0 0.85498046875 0.425048828125 0.1639404296875 0.16943359375
0 0.609375 0.2393798828125 0.1669921875 0.2230224609375
0 0.64990234375 0.6220703125 0.129638671875 0.09088134765625
0 0.373779296875 0.68603515625 0.21044921875 0.1795654296875
0 0.52783203125 0.8212890625 0.087890625 0.1842041015625
0 0.0631103515625 0.857421875 0.123779296875 0.10467529296875
0 0.93310546875 0.57861328125 0.1304931640625 0.1429443359375
0 0.24560546875 0.8388671875 0.059661865234375 0.154296875
0 0.5078125 0.615234375 0.08209228515625 0.1280517578125
0 0.06597900390625 0.953125 0.1312255859375 0.08404541015625
0 0.428955078125 0.06787109375 0.140869140625 0.1357421875
0 0.7021484375 0.69384765625 0.1240234375 0.07861328125
0 0.9326171875 0.49365234375 0.134765625 0.1357421875
0 0.27685546875 0.951171875 0.0855712890625 0.0869140625
0 0.83349609375 0.58935546875 0.1458740234375 0.1143798828125
0 0.9326171875 0.280029296875 0.134765625 0.1971435546875
0 0.7900390625 0.6923828125 0.10595703125 0.04345703125
0 0.3466796875 0.344482421875 0.1556396484375 0.0965576171875
0 0.36767578125 0.13916015625 0.157958984375 0.2393798828125
0 0.47509765625 0.38427734375 0.06256103515625 0.041778564453125
0 0.03656005859375 0.472412109375 0.04949951171875 0.072265625
0 0.038330078125 0.5693359375 0.076416015625 0.057281494140625