0 0.310302734375 0.59814453125 0.392822265625 0.2294921875
0 0.61767578125 0.290283203125 0.241455078125 0.403076171875
0 0.411376953125 0.307861328125 0.12744140625 0.165283203125
0 0.4296875 0.50146484375 0.80517578125 0.984375
0 0.446533203125 0.457763671875 0.189208984375 0.16455078125
0 0.046356201171875 0.20166015625 0.09271240234375 0.1827392578125
0 0.272216796875 0.395263671875 0.1885986328125 0.169921875
0 0.37255859375 0.57958984375 0.196533203125 0.04840087890625
0 0.59375 0.342041015625 0.0379638671875 0.1856689453125
0 0.11199951171875 0.7958984375 0.1512451171875 0.09930419921875
0 0.0560150146484375 0.41455078125 0.112030029296875 0.2156982421875
0 0.82666015625 0.11358642578125 0.1429443359375 0.1573486328125
0 0.049774169921875 0.70654296875 0.036163330078125 0.04803466796875
0 0.64208984375 0.055938720703125 0.28271484375 0.10894775390625
0 0.215087890625 0.9150390625 0.43017578125 0.1658935546875
0 0.1104736328125 0.1231689453125 0.1658935546875 0.2393798828125
0 0.1746826171875 0.28466796875 0.09222412109375 0.1260986328125
0 0.424072265625 0.2113037109375 0.1378173828125 0.1744384765625
0 0.810546875 0.09039306640625 0.0394287109375 0.10968017578125
0 0.1265869140625 0.407470703125 0.08990478515625 0.1318359375
0 0.568359375 0.450439453125 0.055816650390625 0.036163330078125