0 0.09979248046875 0.7548828125 0.1983642578125 0.135498046875
0 0.06304931640625 0.857421875 0.1240234375 0.105224609375
0 0.24560546875 0.83935546875 0.05987548828125 0.154541015625
0 0.06622314453125 0.63037109375 0.129638671875 0.0938720703125
0 0.06585693359375 0.953125 0.131591796875 0.0843505859375
0 0.255615234375 0.6044921875 0.1375732421875 0.12744140625
0 0.03839111328125 0.5693359375 0.0765380859375 0.057373046875
0 0.392578125 0.87353515625 0.1602783203125 0.2490234375
0 0.277099609375 0.951171875 0.08648681640625 0.08758544921875
0 0.29150390625 0.49072265625 0.167236328125 0.1597900390625
0 0.03643798828125 0.47265625 0.049591064453125 0.07305908203125
0 0.07501220703125 0.13427734375 0.1336669921875 0.11981201171875
0 0.08758544921875 0.321533203125 0.173583984375 0.190673828125
0 0.21240234375 0.1800537109375 0.08660888671875 0.11297607421875
0 0.060089111328125 0.06243896484375 0.12017822265625 0.093505859375
0 0.346435546875 0.344482421875 0.1568603515625 0.097412109375
0 0.67724609375 0.83740234375 0.1683349609375 0.178955078125
0 0.4755859375 0.38427734375 0.0631103515625 0.0416259765625
0 0.70166015625 0.6943359375 0.12420654296875 0.079345703125
0 0.1767578125 0.243408203125 0.134521484375 0.204345703125
0 0.7900390625 0.6923828125 0.1063232421875 0.043701171875
0 0.85498046875 0.423828125 0.1650390625 0.1658935546875
0 0.431884765625 0.494873046875 0.13916015625 0.1669921875
0 0.64990234375 0.62255859375 0.129150390625 0.091064453125
0 0.58544921875 0.70556640625 0.1263427734375 0.177490234375
0 0.666015625 0.4501953125 0.217041015625 0.184814453125
0 0.52880859375 0.8212890625 0.0894775390625 0.185302734375
0 0.71630859375 0.265380859375 0.21240234375 0.2001953125
0 0.932373046875 0.28564453125 0.13525390625 0.2069091796875
0 0.151611328125 0.87548828125 0.132080078125 0.1993408203125
0 0.1171875 0.471435546875 0.16455078125 0.158935546875
0 0.70361328125 0.75146484375 0.07598876953125 0.06427001953125
0 0.7890625 0.79248046875 0.1280517578125 0.152587890625
0 0.92242431640625 0.7529296875 0.1551513671875 0.13916015625
0 0.60693359375 0.23876953125 0.16162109375 0.222412109375
0 0.59326171875 0.06634521484375 0.137939453125 0.132080078125
0 0.85595703125 0.13958740234375 0.2371826171875 0.2791748046875
0 0.208984375 0.06231689453125 0.1859130859375 0.12420654296875
0 0.499755859375 0.6123046875 0.0849609375 0.1259765625
0 0.3701171875 0.1353759765625 0.1658935546875 0.248046875
0 0.83349609375 0.56640625 0.1470947265625 0.1553955078125
0 0.4248046875 0.0682373046875 0.1434326171875 0.136474609375
0 0.9447479248046875 0.49609375 0.110504150390625 0.1688232421875
0 0.39501953125 0.67919921875 0.22607421875 0.2037353515625
0 0.70849609375 0.95458984375 0.09637451171875 0.08477783203125
0 0.587890625 0.34765625 0.0823974609375 0.06097412109375