0 0.366455078125 0.90185546875 0.1448974609375 0.102294921875
0 0.062103271484375 0.8525390625 0.1163330078125 0.10687255859375
0 0.023101806640625 0.8779296875 0.04620361328125 0.06939697265625
0 0.1539306640625 0.87420654296875 0.1495361328125 0.2515869140625
0 0.085693359375 0.75830078125 0.16943359375 0.15869140625
0 0.3232421875 0.7275390625 0.052825927734375 0.10992431640625
0 0.062225341796875 0.67724609375 0.12335205078125 0.13916015625
0 0.09637451171875 0.43798828125 0.06768798828125 0.106689453125
0 0.0370025634765625 0.43017578125 0.074005126953125 0.0943603515625
0 0.380615234375 0.9658203125 0.25390625 0.06256103515625
0 0.63916015625 0.97216796875 0.1983642578125 0.0552978515625
0 0.165771484375 0.33056640625 0.1517333984375 0.1461181640625
0 0.941162109375 0.451904296875 0.11767578125 0.30078125
0 0.425537109375 0.7158203125 0.18359375 0.343505859375
0 0.397705078125 0.047607421875 0.2137451171875 0.09088134765625
0 0.193359375 0.1630859375 0.157958984375 0.2127685546875
0 0.0948486328125 0.174072265625 0.1688232421875 0.1187744140625
0 0.05792236328125 0.2437744140625 0.114990234375 0.13818359375
0 0.397705078125 0.244873046875 0.232666015625 0.386474609375
0 0.12408447265625 0.0726318359375 0.245849609375 0.1444091796875
0 0.05706787109375 0.34228515625 0.11297607421875 0.1131591796875
0 0.7255859375 0.37109375 0.23681640625 0.217041015625
0 0.282470703125 0.451171875 0.400390625 0.21728515625
0 0.78173828125 0.58544921875 0.43310546875 0.278076171875
0 0.2340087890625 0.53125 0.228515625 0.0223236083984375
0 0.22216796875 0.56787109375 0.323486328125 0.196533203125
0 0.7568359375 0.8447265625 0.28466796875 0.28955078125
0 0.0496826171875 0.47705078125 0.09912109375 0.09808349609375