0 0.5986328125 0.83203125 0.1279296875 0.1378173828125
0 0.464111328125 0.70263671875 0.1519775390625 0.1658935546875
0 0.281982421875 0.2802734375 0.13134765625 0.09637451171875
0 0.1534423828125 0.5205078125 0.304931640625 0.289794921875
0 0.658203125 0.51025390625 0.385986328125 0.257568359375
0 0.12359619140625 0.126708984375 0.1326904296875 0.2271728515625
0 0.908203125 0.302490234375 0.1507568359375 0.167236328125
0 0.57958984375 0.1925048828125 0.37255859375 0.21533203125
0 0.316650390625 0.09722900390625 0.2176513671875 0.1375732421875
0 0.85205078125 0.2076416015625 0.174072265625 0.07861328125
0 0.296630859375 0.849609375 0.1871337890625 0.234375
0 0.11553955078125 0.345703125 0.2213134765625 0.135498046875
0 0.403564453125 0.253173828125 0.17724609375 0.08270263671875
0 0.80126953125 0.1505126953125 0.1181640625 0.04083251953125