0 0.8544921875 0.404296875 0.22436523437499994 0.34899902343749994
0 0.374267578125 0.1649169921875 0.12042236328125 0.232666015625
0 0.4638671875 0.73828125 0.2440185546875 0.364013671875
0 0.548828125 0.2337646484375 0.271728515625 0.37451171875
0 0.168701171875 0.57861328125 0.2298583984375 0.36669921875
0 0.67529296875 0.60009765625 0.138671875 0.1885986328125
0 0.144775390625 0.1300048828125 0.2315673828125 0.1444091796875
0 0.53466796875 0.6044921875 0.127685546875 0.1639404296875
0 0.79296875 0.76904296875 0.1375732421875 0.139404296875
0 0.2232666015625 0.44287109375 0.1248779296875 0.1629638671875
0 0.2276611328125 0.92333984375 0.167236328125 0.1533203125
0 0.09552001953125 0.281005859375 0.1439208984375 0.229248046875
0 0.423095703125 0.91796875 0.1898193359375 0.15771484375
0 0.289306640625 0.8505859375 0.09857177734375 0.1429443359375
0 0.14697265625 0.83544921875 0.07720947265625 0.1707763671875
0 0.29248046875 0.30419921875 0.1015625 0.1153564453125
0 0.102294921875 0.77197265625 0.036773681640625 0.1298828125
0 0.080078125 0.28515625 0.07196044921875 0.09185791015625