0 0.7255859375 0.572265625 0.1336669921875 0.134521484375
0 0.79541015625 0.258056640625 0.2203369140625 0.195556640625
0 0.1124267578125 0.1334228515625 0.2156982421875 0.1744384765625
0 0.5126953125 0.148681640625 0.26171875 0.29443359375
0 0.340087890625 0.12103271484375 0.118408203125 0.239013671875
0 0.6171875 0.461181640625 0.13427734375 0.1568603515625
0 0.12744140625 0.634765625 0.247314453125 0.393310546875
0 0.065338134765625 0.362548828125 0.13067626953125 0.229248046875
0 0.252685546875 0.30712890625 0.10284423828125 0.1473388671875
0 0.4013671875 0.67041015625 0.24658203125 0.4091796875
0 0.3408203125 0.89111328125 0.1636962890625 0.119384765625
0 0.0318603515625 0.875 0.061309814453125 0.17529296875
0 0.0889892578125 0.892578125 0.0792236328125 0.1507568359375
0 0.462158203125 0.5439453125 0.1602783203125 0.26708984375
0 0.048583984375 0.367431640625 0.076416015625 0.06903076171875
0 0.84033203125 0.099945068359375 0.1363525390625 0.19989013671875
0 0.1497802734375 0.498046875 0.15478515625 0.2274169921875
0 0.450439453125 0.28369140625 0.1357421875 0.083740234375