0 0.63623046875 0.2060546875 0.248291015625 0.3671875
0 0.348388671875 0.70849609375 0.31005859375 0.362060546875
0 0.6572265625 0.74658203125 0.1265869140625 0.1365966796875
0 0.486328125 0.1376953125 0.1463623046875 0.223388671875
0 0.333740234375 0.27392578125 0.1358642578125 0.11102294921875
0 0.82275390625 0.4619140625 0.2049560546875 0.195556640625
0 0.496826171875 0.330322265625 0.09124755859375 0.08282470703125
0 0.134033203125 0.5439453125 0.260498046875 0.359130859375
0 0.9169921875 0.32470703125 0.1083984375 0.267333984375
0 0.481201171875 0.56201171875 0.169677734375 0.135009765625
0 0.62353515625 0.30078125 0.03448486328125 0.25634765625
0 0.05810546875 0.87158203125 0.1162109375 0.12274169921875
0 0.28955078125 0.09912109375 0.2274169921875 0.18798828125
0 0.0216522216796875 0.76904296875 0.043304443359375 0.1331787109375
0 0.19873046875 0.88623046875 0.14013671875 0.1707763671875
0 0.1307373046875 0.2481689453125 0.16748046875 0.22265625
0 0.2044677734375 0.413818359375 0.182373046875 0.162109375
0 0.55615234375 0.373046875 0.08251953125 0.09637451171875
0 0.330078125 0.92724609375 0.0489501953125 0.07891845703125
0 0.27978515625 0.90625 0.0775146484375 0.06695556640625
0 0.01763916015625 0.453369140625 0.034027099609375 0.12420654296875
0 0.939453125 0.431396484375 0.052337646484375 0.327880859375
0 0.2010498046875 0.11676025390625 0.029205322265625 0.0582275390625
0 0.07354736328125 0.293212890625 0.06304931640625 0.1336669921875
0 0.33935546875 0.0618896484375 0.06549072265625 0.11419677734375
0 0.154052734375 0.08477783203125 0.052825927734375 0.11737060546875
0 0.373046875 0.370849609375 0.0537109375 0.070068359375