0 0.505859375 0.658203125 0.248046875 0.370361328125
0 0.8154296875 0.775390625 0.0755615234375 0.1661376953125
0 0.71533203125 0.2327880859375 0.09930419921875 0.1300048828125
0 0.182861328125 0.66796875 0.135009765625 0.138671875
0 0.72607421875 0.853515625 0.1600341796875 0.15869140625
0 0.8681640625 0.70947265625 0.0369873046875 0.1190185546875
0 0.63671875 0.101348876953125 0.13818359375 0.20269775390625
0 0.14208984375 0.370849609375 0.234375 0.1959228515625
0 0.900390625 0.2193603515625 0.134521484375 0.228515625
0 0.87646484375 0.06280517578125 0.2147216796875 0.1153564453125
0 0.311767578125 0.49658203125 0.15478515625 0.171875
0 0.8320312499999998 0.475341796875 0.22570800781250008 0.3651123046875
0 0.46240234375 0.165283203125 0.2763671875 0.324462890625
0 0.45947265625 0.5205078125 0.123779296875 0.1829833984375
0 0.1251220703125 0.220703125 0.138916015625 0.25390625
0 0.414794921875 0.26953125 0.09722900390625 0.1787109375
0 0.74267578125 0.32275390625 0.08416748046875 0.11199951171875
0 0.70849609375 0.6611328125 0.1370849609375 0.1251220703125
0 0.7744140625 0.384521484375 0.1104736328125 0.1795654296875