0 0.66064453125 0.2239990234375 0.1202392578125 0.253173828125
0 0.26123046875 0.6533203125 0.1339111328125 0.131591796875
0 0.1947021484375 0.33837890625 0.2230224609375 0.19873046875
0 0.58447265625 0.75537109375 0.251953125 0.404541015625
0 0.89111328125 0.2391357421875 0.2176513671875 0.172119140625
0 0.52490234375 0.62060546875 0.1507568359375 0.25732421875
0 0.388427734375 0.509765625 0.10760498046875 0.10858154296875
0 0.74853515625 0.40966796875 0.109130859375 0.1639404296875
0 0.87060546875 0.73095703125 0.2305908203125 0.384033203125
0 0.48583984375 0.2197265625 0.264404296875 0.3564453125
0 0.9580078125 0.465576171875 0.06890869140625 0.06231689453125
0 0.8291015625 0.5966796875 0.1475830078125 0.26123046875
0 0.1444091796875 0.171630859375 0.1556396484375 0.310791015625
0 0.4521484375 0.305908203125 0.081787109375 0.193115234375