0 0.2861328125 0.5615234375 0.3818359375 0.26025390625
0 0.385498046875 0.8330078125 0.38720703125 0.248291015625
0 0.64453125 0.1328125 0.18896484375 0.2193603515625
0 0.8115234375 0.383056640625 0.317138671875 0.254150390625
0 0.68359375 0.66552734375 0.1279296875 0.11737060546875
0 0.115966796875 0.89453125 0.154541015625 0.09588623046875
0 0.60595703125 0.6064453125 0.0809326171875 0.042724609375
0 0.481689453125 0.311279296875 0.271240234375 0.2017822265625
0 0.466552734375 0.450927734375 0.1650390625 0.129150390625
0 0.85546875 0.55615234375 0.227783203125 0.12744140625
0 0.137939453125 0.9404296875 0.1746826171875 0.06854248046875
0 0.0723876953125 0.8173828125 0.086181640625 0.1300048828125
0 0.87060546875 0.78515625 0.167724609375 0.222412109375
0 0.08251953125 0.64453125 0.1446533203125 0.1607666015625
0 0.332763671875 0.23583984375 0.1363525390625 0.1300048828125
0 0.6806640625 0.4755859375 0.080078125 0.12744140625
0 0.8115234375 0.06781005859375 0.264404296875 0.131591796875
0 0.572265625 0.72705078125 0.1981201171875 0.1444091796875
0 0.2401123046875 0.76416015625 0.1055908203125 0.10894775390625
0 0.6552734375 0.86669921875 0.2183837890625 0.1492919921875
0 0.08209228515625 0.56689453125 0.0592041015625 0.08868408203125
0 0.703125 0.36376953125 0.17919921875 0.0469970703125
0 0.036712646484375 0.451904296875 0.058441162109375 0.1414794921875
0 0.07275390625 0.51708984375 0.08526611328125 0.07147216796875
0 0.12115478515625 0.76416015625 0.173828125 0.1361083984375
0 0.313720703125 0.92578125 0.1571044921875 0.06744384765625
0 0.80078125 0.84033203125 0.06854248046875 0.0219879150390625
0 0.2371826171875 0.5322265625 0.2137451171875 0.1331787109375
0 0.61376953125 0.087890625 0.0880126953125 0.08868408203125
0 0.03802490234375 0.54638671875 0.057281494140625 0.07135009765625
0 0.038238525390625 0.64990234375 0.038330078125 0.04559326171875
0 0.12359619140625 0.56884765625 0.033538818359375 0.05865478515625
0 0.8232421875 0.65380859375 0.0880126953125 0.050811767578125