0 0.47314453125 0.74462890625 0.24108886718749994 0.4682617187499999
0 0.436279296875 0.57373046875 0.1240234375 0.23974609375
0 0.857421875 0.1514892578125 0.2386474609375 0.177001953125
0 0.16259765625 0.64306640625 0.1329345703125 0.1370849609375
0 0.448486328125 0.177001953125 0.272216796875 0.347900390625
0 0.135009765625 0.330810546875 0.2247314453125 0.196533203125
0 0.6865234375 0.3349609375 0.09332275390625 0.154052734375
0 0.77734375 0.6455078125 0.206298828125 0.391357421875
0 0.7412109375 0.50537109375 0.10797119140625 0.228515625
0 0.6171875 0.1531982421875 0.135009765625 0.245849609375
0 0.389892578125 0.297607421875 0.089111328125 0.1610107421875
0 0.88037109375 0.373779296875 0.093994140625 0.0802001953125
0 0.1134033203125 0.156005859375 0.158203125 0.269775390625
0 0.293212890625 0.498046875 0.1497802734375 0.1507568359375
0 0.76220703125 0.91162109375 0.07183837890625 0.158203125
0 0.66748046875 0.9462890625 0.132568359375 0.09185791015625
0 0.763671875 0.204345703125 0.1307373046875 0.12420654296875