0 0.34619140625 0.48828125 0.407470703125 0.46826171875
0 0.767578125 0.352294921875 0.406982421875 0.6083984375
0 0.2220458984375 0.91650390625 0.12548828125 0.089111328125
0 0.8056640625 0.2322998046875 0.1812744140625 0.364990234375
0 0.2509765625 0.751953125 0.11553955078125 0.1639404296875
0 0.59814453125 0.78857421875 0.2247314453125 0.385986328125
0 0.58544921875 0.453857421875 0.1761474609375 0.07781982421875
0 0.334228515625 0.47412109375 0.25341796875 0.027374267578125
0 0.5830078125 0.472900390625 0.26806640625 0.32958984375
0 0.64697265625 0.2335205078125 0.1842041015625 0.364013671875
0 0.86376953125 0.76416015625 0.2379150390625 0.31494140625
0 0.416259765625 0.85107421875 0.1707763671875 0.26123046875
0 0.84765625 0.262939453125 0.1798095703125 0.0251312255859375