0 0.482421875 0.4091875 0.70703125 0.673828125
0 0.200921875 0.8071249999999999 0.167484375 0.107421875
0 0.745125 0.18871875 0.321046875 0.215328125
0 0.0456875 0.84375 0.083734375 0.1223125
0 0.62353125 0.166875 0.12915625 0.22546875000000002
0 0.188359375 0.47290625000000003 0.366703125 0.26171875
0 0.188234375 0.176515625 0.24939062500000003 0.07421875
0 0.1851875 0.9145468749999999 0.20398437500000002 0.16504687499999998
0 0.138921875 0.825203125 0.0754375 0.085078125
0 0.2993125 0.344234375 0.161625 0.08728125
0 0.5835 0.22546875000000002 0.029546875 0.021234375
0 0.5415 0.299078125 0.057921875 0.034359375
0 0.038328125000000005 0.44409375000000006 0.0753125 0.055609375
0 0.44067187499999994 0.838875 0.012671874999999999 0.012765625
0 0.177375 0.13646875 0.01484375 0.0145625
0 0.123171875 0.45629687499999994 0.048859375 0.039421875
0 0.179078125 0.254390625 0.12042187499999998 0.056640625
0 0.14075 0.739265625 0.22778125 0.089109375
0 0.57178125 0.19396875 0.0391875 0.02828125
0 0.279546875 0.2685625 0.12445312500000001 0.0546875
0 0.154546875 0.1014375 0.021812500000000002 0.022328124999999997
0 0.05632812499999999 0.586921875 0.104859375 0.065484375