0 0.12005615234375 0.69189453125 0.2330322265625 0.5750732421875
0 0.34423828125 0.39599609375 0.2410888671875 0.316162109375
0 0.7412109375 0.78515625 0.10968017578125 0.1041259765625
0 0.70849609375 0.49560546875 0.1114501953125 0.1729736328125
0 0.27392578125 0.63720703125 0.07977294921875 0.1591796875
0 0.66162109375 0.5830078125 0.106689453125 0.2117919921875
0 0.41455078125 0.72900390625 0.2425537109375 0.40869140625
0 0.58154296875 0.1591796875 0.0199432373046875 0.016021728515625
0 0.5966796875 0.693359375 0.19775390625 0.31005859375
0 0.10467529296875 0.27978515625 0.2005615234375 0.316162109375
0 0.5546875 0.4755859375 0.139892578125 0.1873779296875
0 0.48193359375 0.045013427734375 0.06536865234375 0.0831298828125
0 0.576171875 0.341796875 0.229248046875 0.03326416015625
0 0.91064453125 0.74267578125 0.04534912109375 0.044921875
0 0.55517578125 0.2763671875 0.1947021484375 0.1217041015625
0 0.327392578125 0.11981201171875 0.06744384765625 0.11279296875
0 0.90380859375 0.6376953125 0.0504150390625 0.052825927734375
0 0.2352294921875 0.2303466796875 0.161376953125 0.377685546875
0 0.77880859375 0.62451171875 0.09515380859375 0.06622314453125
0 0.08880615234375 0.47998046875 0.1705322265625 0.1512451171875
0 0.740234375 0.71826171875 0.10992431640625 0.05889892578125
0 0.8515625 0.63818359375 0.042724609375 0.07763671875
0 0.421630859375 0.66162109375 0.1114501953125 0.245849609375
0 0.52783203125 0.035552978515625 0.0272674560546875 0.06683349609375
0 0.623046875 0.39453125 0.2315673828125 0.1378173828125
0 0.546875 0.379150390625 0.1370849609375 0.08282470703125
0 0.476806640625 0.57080078125 0.0560302734375 0.349609375
0 0.7177734375 0.234375 0.01107025146484375 0.01384735107421875
0 0.39501953125 0.310302734375 0.1251220703125 0.131591796875
0 0.058441162109375 0.755859375 0.1134033203125 0.1048583984375
0 0.3271484375 0.2060546875 0.034698486328125 0.07452392578125
0 0.78564453125 0.409423828125 0.091552734375 0.04913330078125
0 0.89013671875 0.3955078125 0.10174560546875 0.21533203125
0 0.490478515625 0.26904296875 0.0258026123046875 0.0256195068359375
0 0.390869140625 0.76416015625 0.0164031982421875 0.027587890625
0 0.783203125 0.2440185546875 0.06982421875 0.14013671875
0 0.345703125 0.93359375 0.09332275390625 0.0276947021484375
0 0.380615234375 0.191162109375 0.06304931640625 0.0994873046875
0 0.55419921875 0.089111328125 0.00916290283203125 0.010650634765625
0 0.366943359375 0.06451416015625 0.18359375 0.03216552734375
0 0.28515625 0.5966796875 0.049224853515625 0.0618896484375
0 0.76904296875 0.17333984375 0.059112548828125 0.038238525390625
0 0.399169921875 0.8564453125 0.0496826171875 0.135498046875
0 0.8544921875 0.53125 0.1658935546875 0.09808349609375