0 0.6064453125 0.314208984375 0.247314453125 0.32470703125
0 0.845703125 0.14892578125 0.1925048828125 0.297119140625
0 0.87255859375 0.6640625 0.2476806640625 0.307373046875
0 0.6767578125 0.1500244140625 0.16259765625 0.29345703125
0 0.263916015625 0.5234375 0.11065673828125 0.1661376953125
0 0.406494140625 0.67919921875 0.183349609375 0.3369140625
0 0.70947265625 0.5322265625 0.09136962890625 0.169677734375
0 0.3564453125 0.2666015625 0.2421875 0.06756591796875
0 0.277587890625 0.82275390625 0.11517333984375 0.07342529296875
0 0.5966796875 0.65234375 0.226806640625 0.43017578125
0 0.87548828125 0.31689453125 0.2127685546875 0.0970458984375
0 0.4169921875 0.4443359375 0.1492919921875 0.2108154296875
0 0.87451171875 0.388671875 0.2440185546875 0.3720703125
0 0.9208984375 0.039276123046875 0.10107421875 0.0352783203125
0 0.4931640625 0.1337890625 0.20947265625 0.165283203125
0 0.0966796875 0.7275390625 0.050048828125 0.044097900390625
0 0.2451171875 0.59033203125 0.0850830078125 0.0831298828125
0 0.7880859375 0.5791015625 0.058135986328125 0.1181640625
0 0.755859375 0.5849609375 0.0509033203125 0.228515625
0 0.216552734375 0.67578125 0.102294921875 0.08990478515625
0 0.436767578125 0.22607421875 0.125244140625 0.082275390625
0 0.10821533203125 0.8330078125 0.050506591796875 0.0321044921875
0 0.3251953125 0.59912109375 0.08331298828125 0.2294921875
0 0.267333984375 0.765625 0.10015869140625 0.060089111328125
0 0.327392578125 0.317626953125 0.28076171875 0.198974609375
0 0.55712890625 0.491943359375 0.0794677734375 0.1370849609375
0 0.58544921875 0.047607421875 0.06488037109375 0.09320068359375
0 0.425537109375 0.0272674560546875 0.0574951171875 0.05242919921875
0 0.380859375 0.027801513671875 0.021331787109375 0.05499267578125
0 0.34228515625 0.1593017578125 0.01971435546875 0.0179901123046875
0 0.1461181640625 0.71630859375 0.051177978515625 0.0726318359375
0 0.390625 0.75927734375 0.038604736328125 0.04620361328125
0 0.5185546875 0.42529296875 0.070556640625 0.17724609375
0 0.369873046875 0.51318359375 0.0241851806640625 0.054107666015625
0 0.833984375 0.21435546875 0.030853271484375 0.037109375