0 0.353515625 0.46875 0.56640625 0.8671875
0 0.57470703125 0.33251953125 0.140380859375 0.09124755859375
0 0.50927734375 0.27587890625 0.0872802734375 0.12420654296875
0 0.34375 0.389404296875 0.0343017578125 0.06256103515625
0 0.10650634765625 0.81201171875 0.2039794921875 0.26708984375
0 0.775390625 0.135009765625 0.1934814453125 0.177001953125
0 0.5517578125 0.1341552734375 0.10321044921875 0.024993896484375
0 0.2496337890625 0.630859375 0.10614013671875 0.09808349609375
0 0.227294921875 0.05560302734375 0.1500244140625 0.10614013671875
0 0.1634521484375 0.1708984375 0.012969970703125 0.0118255615234375
0 0.74462890625 0.4560546875 0.00861358642578125 0.0083770751953125
0 0.61962890625 0.0268096923828125 0.116943359375 0.036773681640625
0 0.388671875 0.1988525390625 0.03240966796875 0.0224151611328125
0 0.501953125 0.1820068359375 0.1190185546875 0.0709228515625
0 0.044769287109375 0.313720703125 0.07666015625 0.152587890625
0 0.01837158203125 0.423583984375 0.034759521484375 0.09039306640625
0 0.0303802490234375 0.64501953125 0.049224853515625 0.0994873046875
0 0.57568359375 0.0266571044921875 0.04083251953125 0.037322998046875
0 0.376953125 0.2119140625 0.01384735107421875 0.0179901123046875
0 0.06854248046875 0.6240234375 0.11395263671875 0.140380859375
0 0.064208984375 0.1094970703125 0.061309814453125 0.186279296875
0 0.1973876953125 0.51416015625 0.05780029296875 0.060089111328125
0 0.09515380859375 0.60693359375 0.0182342529296875 0.0210418701171875
0 0.438720703125 0.102294921875 0.0273284912109375 0.07708740234375
0 0.170654296875 0.51953125 0.0294189453125 0.0199432373046875
0 0.72509765625 0.047607421875 0.056976318359375 0.029815673828125
0 0.359130859375 0.12103271484375 0.08154296875 0.0312042236328125
0 0.3974609375 0.44189453125 0.0116424560546875 0.01302337646484375
0 0.03955078125 0.2322998046875 0.02191162109375 0.029083251953125
0 0.408203125 0.44384765625 0.02838134765625 0.0276947021484375
0 0.91455078125 0.294189453125 0.1070556640625 0.0364990234375