0 0.33526611328124994 0.5122070312499998 0.6468505859374999 0.95880126953125
0 0.669921875 0.2988281249999999 0.3828125 0.42578125
0 0.396240234375 0.46337890625 0.06463623046875 0.055511474609375
0 0.10821533203125 0.2900390625 0.01525115966796875 0.0205230712890625
0 0.40576171875 0.338623046875 0.0728759765625 0.0782470703125
0 0.1229248046875 0.30126953125 0.237548828125 0.2247314453125
0 0.56591796875 0.440185546875 0.1019287109375 0.0709228515625
0 0.060638427734375 0.227294921875 0.016021728515625 0.0994873046875
0 0.21240234375 0.73583984375 0.0199127197265625 0.021087646484375
0 0.07147216796875 0.87744140625 0.1063232421875 0.127197265625
0 0.296875 0.20947265625 0.13525390625 0.1517333984375
0 0.22900390625 0.80126953125 0.05108642578125 0.0276947021484375
0 0.11260986328125 0.56103515625 0.2015380859375 0.08770751953125
0 0.0830078125 0.0726318359375 0.1473388671875 0.08416748046875
0 0.376220703125 0.1636962890625 0.06304931640625 0.0469970703125
0 0.72509765625 0.102294921875 0.1829833984375 0.05975341796875
0 0.498291015625 0.392822265625 0.2197265625 0.036773681640625
0 0.52099609375 0.310791015625 0.1483154296875 0.08123779296875
0 0.033721923828125 0.80517578125 0.06549072265625 0.07501220703125
0 0.33642578125 0.063232421875 0.042724609375 0.034027099609375
0 0.035064697265625 0.089111328125 0.04327392578125 0.036712646484375
0 0.57177734375 0.1466064453125 0.1331787109375 0.1300048828125
0 0.01129150390625 0.47509765625 0.0207672119140625 0.042633056640625
0 0.464111328125 0.07464599609375 0.10797119140625 0.0509033203125
0 0.227294921875 0.82373046875 0.01678466796875 0.0369873046875
0 0.6279296875 0.075439453125 0.044281005859375 0.024383544921875
0 0.79150390625 0.165771484375 0.054290771484375 0.025177001953125
0 0.1517333984375 0.81396484375 0.08331298828125 0.021484375
0 0.0232391357421875 0.89990234375 0.0460205078125 0.093994140625
0 0.43798828125 0.429931640625 0.011962890625 0.0121917724609375
0 0.333740234375 0.1055908203125 0.021240234375 0.01678466796875
0 0.82470703125 0.2178955078125 0.1044921875 0.056243896484375
0 0.31689453125 0.10302734375 0.018585205078125 0.0276336669921875
0 0.357177734375 0.08465576171875 0.10821533203125 0.07159423828125
0 0.740234375 0.205322265625 0.07183837890625 0.07171630859375