0 0.5009765625 0.4970703125 0.307373046875 0.21728515625
0 0.37255859375 0.70556640625 0.36669921875 0.25244140625
0 0.377197265625 0.68408203125 0.205322265625 0.05059814453125
0 0.81201171875 0.373291015625 0.349609375 0.357177734375
0 0.57080078125 0.837890625 0.359130859375 0.306640625
0 0.73681640625 0.1531982421875 0.2197265625 0.1600341796875
0 0.60498046875 0.233154296875 0.1842041015625 0.09283447265625
0 0.9140625 0.135986328125 0.1181640625 0.1422119140625
0 0.401611328125 0.1624755859375 0.1746826171875 0.183349609375
0 0.7646484375 0.464111328125 0.051361083984375 0.0728759765625
0 0.900390625 0.8828125 0.19677734375 0.194091796875
0 0.6044921875 0.1900634765625 0.125732421875 0.0290374755859375
0 0.9150390625 0.7001953125 0.165283203125 0.2281494140625
0 0.54541015625 0.384765625 0.1473388671875 0.09515380859375
0 0.363525390625 0.09808349609375 0.1561279296875 0.08154296875
0 0.62890625 0.33740234375 0.115966796875 0.1246337890625
0 0.7412109375 0.06304931640625 0.1947021484375 0.053802490234375
0 0.47314453125 0.63427734375 0.09967041015625 0.07208251953125
0 0.80859375 0.72314453125 0.1048583984375 0.09075927734375
0 0.744140625 0.60791015625 0.12066650390625 0.03179931640625
0 0.68212890625 0.6806640625 0.044281005859375 0.0509033203125
0 0.9326171875 0.0755615234375 0.044677734375 0.058563232421875
0 0.48828125 0.6181640625 0.0241851806640625 0.034942626953125
0 0.31591796875 0.10467529296875 0.06280517578125 0.058349609375
0 0.65625 0.056243896484375 0.046630859375 0.042633056640625
0 0.449951171875 0.9849624633789062 0.0987548828125 0.0300750732421875