0 0.324951171875 0.85888671875 0.21240234375 0.262939453125
0 0.681640625 0.42236328125 0.07861328125 0.1468505859375
0 0.418701171875 0.35986328125 0.01473236083984375 0.0173797607421875
0 0.44140625 0.6484375 0.1414794921875 0.06292724609375
0 0.68017578125 0.65234375 0.283935546875 0.08868408203125
0 0.0948486328125 0.3896484375 0.01049041748046875 0.01337432861328125
0 0.79931640625 0.399658203125 0.286376953125 0.2216796875
0 0.3037109375 0.35498046875 0.0165863037109375 0.0165863037109375
0 0.8310546875 0.35107421875 0.01129150390625 0.01287078857421875
0 0.20263671875 0.471923828125 0.057281494140625 0.25244140625
0 0.24365234375 0.72314453125 0.08331298828125 0.10797119140625
0 0.8663330078125 0.79833984375 0.267333984375 0.311279296875
0 0.10760498046875 0.226806640625 0.0169830322265625 0.01554107666015625
0 0.3525390625 0.1688232421875 0.1502685546875 0.14013671875
0 0.78076171875 0.7294921875 0.2410888671875 0.10968017578125
0 0.3505859375 0.4609375 0.07122802734375 0.1246337890625
0 0.2193603515625 0.85302734375 0.10302734375 0.276123046875
0 0.59423828125 0.343505859375 0.0225372314453125 0.0232391357421875
0 0.9130859375 0.1033935546875 0.0755615234375 0.052703857421875
0 0.7470703125 0.09600830078125 0.053985595703125 0.037200927734375
0 0.1754150390625 0.2330322265625 0.1033935546875 0.2156982421875
0 0.5361328125 0.86865234375 0.2110595703125 0.23193359375
0 0.25341796875 0.53271484375 0.1063232421875 0.0966796875
0 0.334228515625 0.7412109375 0.15283203125 0.12127685546875
0 0.452392578125 0.336669921875 0.050506591796875 0.1885986328125
0 0.54736328125 0.46142578125 0.0104522705078125 0.0131683349609375
0 0.52880859375 0.5234375 0.063720703125 0.09185791015625
0 0.7685546875 0.2459716796875 0.050994873046875 0.0740966796875
0 0.10211181640625 0.51904296875 0.078369140625 0.091552734375
0 0.583984375 0.204345703125 0.0706787109375 0.056243896484375
0 0.0411376953125 0.19287109375 0.059967041015625 0.10125732421875
0 0.4951171875 0.728515625 0.1375732421875 0.1259765625
0 0.515625 0.146728515625 0.07611083984375 0.1134033203125
0 0.1566162109375 0.285888671875 0.0165863037109375 0.0184783935546875
0 0.83154296875 0.281494140625 0.026763916015625 0.05780029296875
0 0.62451171875 0.309814453125 0.1268310546875 0.1436767578125
0 0.91162109375 0.26708984375 0.07159423828125 0.11962890625
0 0.1224365234375 0.161865234375 0.060760498046875 0.053009033203125
0 0.47265625 0.097412109375 0.10504150390625 0.03216552734375
0 0.242431640625 0.1661376953125 0.024932861328125 0.0312042236328125
0 0.7529296875 0.1663818359375 0.01467132568359375 0.0439453125
0 0.32177734375 0.127197265625 0.063232421875 0.047515869140625
0 0.8134765625 0.198486328125 0.0173797607421875 0.033782958984375
0 0.12322998046875 0.62158203125 0.0546875 0.0592041015625
0 0.87109375 0.2470703125 0.03143310546875 0.09686279296875
0 0.1524658203125 0.327880859375 0.028167724609375 0.0552978515625
0 0.69921875 0.7900390625 0.03033447265625 0.042327880859375
0 0.97412109375 0.365234375 0.041473388671875 0.042327880859375
0 0.2220458984375 0.7578125 0.01312255859375 0.0197601318359375
0 0.78857421875 0.08477783203125 0.02288818359375 0.0120086669921875
0 0.83984375 0.2054443359375 0.0640869140625 0.039642333984375