0 0.5048828125 0.5966796875 0.0755615234375 0.169921875
0 0.2939453125 0.482177734375 0.1959228515625 0.06927490234375
0 0.372314453125 0.469970703125 0.0704345703125 0.055816650390625
0 0.76708984375 0.33154296875 0.3154296875 0.359375
0 0.6884765625 0.1263427734375 0.37353515625 0.21337890625
0 0.5908203125 0.403564453125 0.21337890625 0.251708984375
0 0.84912109375 0.65625 0.27880859375 0.406494140625
0 0.466796875 0.62646484375 0.04083251953125 0.2197265625
0 0.33251953125 0.2333984375 0.1280517578125 0.132568359375
0 0.55078125 0.47900390625 0.1568603515625 0.06573486328125
0 0.1927490234375 0.1414794921875 0.21142578125 0.1134033203125
0 0.251220703125 0.7998046875 0.2685546875 0.377685546875
0 0.65966796875 0.291259765625 0.127685546875 0.06915283203125
0 0.60498046875 0.26123046875 0.11395263671875 0.10125732421875
0 0.09808349609375 0.414794921875 0.1488037109375 0.2802734375
0 0.2437744140625 0.28173828125 0.2247314453125 0.06878662109375
0 0.296142578125 0.07989501953125 0.10577392578125 0.0889892578125
0 0.55126953125 0.07574462890625 0.07330322265625 0.1187744140625
0 0.5517578125 0.7333984375 0.1483154296875 0.418212890625
0 0.79345703125 0.873046875 0.06866455078125 0.04638671875
0 0.60498046875 0.6181640625 0.1895751953125 0.175537109375
0 0.7626953125 0.297119140625 0.2490234375 0.07330322265625
0 0.454345703125 0.11199951171875 0.1475830078125 0.1943359375
0 0.149658203125 0.281982421875 0.1143798828125 0.1431884765625
0 0.8359375 0.2264404296875 0.203369140625 0.171875
0 0.67529296875 0.0726318359375 0.140869140625 0.1070556640625
0 0.2257080078125 0.7861328125 0.1563720703125 0.1373291015625
0 0.53955078125 0.2235107421875 0.08990478515625 0.1265869140625
0 0.47802734375 0.53173828125 0.059539794921875 0.07708740234375
0 0.253173828125 0.595703125 0.0867919921875 0.1048583984375
0 0.732421875 0.418212890625 0.1500244140625 0.1466064453125
0 0.6005859375 0.168212890625 0.1865234375 0.10430908203125
0 0.09503173828125 0.3837890625 0.11260986328125 0.0301513671875
0 0.810546875 0.09124755859375 0.139404296875 0.1259765625
0 0.06597900390625 0.24072265625 0.09893798828125 0.1153564453125
0 0.450439453125 0.255615234375 0.08477783203125 0.1680908203125
0 0.2100830078125 0.59521484375 0.0755615234375 0.0728759765625
0 0.6875 0.85009765625 0.03985595703125 0.034942626953125