0 0.3935546875 0.8447265625 0.3564453125 0.290283203125
0 0.5791015625 0.387451171875 0.0535888671875 0.07196044921875
0 0.82421875 0.32666015625 0.335205078125 0.421142578125
0 0.490234375 0.51513671875 0.106689453125 0.09222412109375
0 0.43310546875 0.488525390625 0.1949462890625 0.05224609375
0 0.58642578125 0.533203125 0.0496826171875 0.11163330078125
0 0.63916015625 0.595703125 0.266357421875 0.187744140625
0 0.35205078125 0.447265625 0.34033203125 0.06610107421875
0 0.223388671875 0.1715087890625 0.385986328125 0.26220703125
0 0.30859375 0.49951171875 0.37890625 0.0723876953125
0 0.212890625 0.436767578125 0.2354736328125 0.042236328125
0 0.86962890625 0.75341796875 0.2451171875 0.439208984375
0 0.7734375 0.297119140625 0.050140380859375 0.237548828125
0 0.42626953125 0.58837890625 0.2509765625 0.171875
0 0.6240234375 0.115966796875 0.29150390625 0.1448974609375
0 0.277099609375 0.37353515625 0.202392578125 0.097412109375
0 0.71435546875 0.7978515625 0.348388671875 0.36572265625
0 0.1165771484375 0.2366943359375 0.1365966796875 0.0966796875
0 0.75830078125 0.42529296875 0.040618896484375 0.035003662109375
0 0.77392578125 0.73046875 0.0823974609375 0.2078857421875
0 0.8828125 0.09136962890625 0.16455078125 0.06500244140625
0 0.6298828125 0.336181640625 0.12066650390625 0.1502685546875
0 0.326171875 0.76123046875 0.2393798828125 0.1431884765625
0 0.2042236328125 0.79296875 0.06805419921875 0.1983642578125
0 0.344482421875 0.1026611328125 0.1309814453125 0.046295166015625
0 0.16845703125 0.378173828125 0.1812744140625 0.1282958984375
0 0.188720703125 0.72265625 0.0496826171875 0.07171630859375
0 0.2418212890625 0.94970703125 0.037750244140625 0.09075927734375
0 0.22265625 0.54541015625 0.2176513671875 0.1419677734375
0 0.123046875 0.28173828125 0.1190185546875 0.08282470703125