0 0.4451904296874999 0.55419921875 0.8160400390625 0.759521484375
0 0.291748046875 0.470458984375 0.07696533203125 0.06280517578125
0 0.1419677734375 0.1849365234375 0.01395416259765625 0.0163421630859375
0 0.416748046875 0.290771484375 0.039947509765625 0.154296875
0 0.273193359375 0.2078857421875 0.01358795166015625 0.01422882080078125
0 0.184814453125 0.47607421875 0.01312255859375 0.01934814453125
0 0.79638671875 0.1422119140625 0.1448974609375 0.204345703125
0 0.3427734375 0.2203369140625 0.0108184814453125 0.01406097412109375
0 0.332763671875 0.56689453125 0.01107025146484375 0.01262664794921875
0 0.90966796875 0.35986328125 0.122314453125 0.107421875
0 0.367919921875 0.093017578125 0.05145263671875 0.169189453125
0 0.6181640625 0.247314453125 0.2059326171875 0.33642578125
0 0.1949462890625 0.3154296875 0.0170440673828125 0.0280609130859375
0 0.3193359375 0.58056640625 0.01094818115234375 0.0116424560546875
0 0.33154296875 0.54541015625 0.0112457275390625 0.016845703125
0 0.96044921875 0.1971435546875 0.0299835205078125 0.03277587890625
0 0.17919921875 0.7890625 0.2059326171875 0.383544921875
0 0.53515625 0.38232421875 0.06805419921875 0.11553955078125
0 0.44921875 0.11859130859375 0.2047119140625 0.2354736328125
0 0.266357421875 0.343017578125 0.03521728515625 0.056243896484375
0 0.955078125 0.467529296875 0.0184783935546875 0.01666259765625
0 0.1331787109375 0.59326171875 0.011505126953125 0.01763916015625
0 0.1976318359375 0.46435546875 0.06890869140625 0.059967041015625
0 0.52587890625 0.02484130859375 0.01282501220703125 0.015899658203125
0 0.3564453125 0.239501953125 0.0218658447265625 0.07708740234375
0 0.7333984375 0.064239501953125 0.2451171875 0.12847900390625
0 0.2352294921875 0.5361328125 0.07763671875 0.1163330078125
0 0.03143310546875 0.226806640625 0.0142822265625 0.0222015380859375
0 0.59033203125 0.0174407958984375 0.06097412109375 0.0333251953125
0 0.46435546875 0.04217529296875 0.0225372314453125 0.029205322265625
0 0.88037109375 0.0213623046875 0.01177978515625 0.015716552734375
0 0.2293701171875 0.64208984375 0.1500244140625 0.040771484375
0 0.352294921875 0.40478515625 0.0386962890625 0.10394287109375