0 0.484375 0.4990234375 0.82421875 0.888671875
0 0.97119140625 0.2117919921875 0.0154876708984375 0.0147857666015625
0 0.396240234375 0.2315673828125 0.183349609375 0.28857421875
0 0.2386474609375 0.61328125 0.127685546875 0.044921875
0 0.80908203125 0.458740234375 0.0154266357421875 0.0197601318359375
0 0.7275390625 0.181640625 0.0153656005859375 0.0169219970703125
0 0.85595703125 0.1634521484375 0.01406097412109375 0.0180511474609375
0 0.658203125 0.197265625 0.011505126953125 0.01450347900390625
0 0.317138671875 0.85400390625 0.0211181640625 0.042022705078125
0 0.373779296875 0.69775390625 0.017303466796875 0.03314208984375
0 0.393798828125 0.82080078125 0.0143890380859375 0.018402099609375
0 0.705078125 0.448974609375 0.08880615234375 0.06842041015625
0 0.7265625 0.363525390625 0.024749755859375 0.046112060546875
0 0.2152099609375 0.10052490234375 0.15771484375 0.194091796875
0 0.2193603515625 0.035491943359375 0.1104736328125 0.070556640625
0 0.1605224609375 0.369873046875 0.21435546875 0.218017578125
0 0.1278076171875 0.05450439453125 0.0975341796875 0.1083984375
0 0.73828125 0.182861328125 0.0169830322265625 0.0236053466796875
0 0.385986328125 0.88720703125 0.1104736328125 0.12744140625
0 0.88037109375 0.284912109375 0.033966064453125 0.0526123046875
0 0.11279296875 0.7041015625 0.1202392578125 0.237548828125
0 0.58544921875 0.26318359375 0.03656005859375 0.1561279296875
0 0.029541015625 0.67333984375 0.05718994140625 0.135498046875
0 0.9169921875 0.367431640625 0.040008544921875 0.04620361328125
0 0.10968017578125 0.31494140625 0.12445068359375 0.097900390625
0 0.0172271728515625 0.55712890625 0.034454345703125 0.09771728515625
0 0.252685546875 0.8603515625 0.016021728515625 0.0225830078125
0 0.043365478515625 0.1680908203125 0.036346435546875 0.0482177734375
0 0.626953125 0.236328125 0.052825927734375 0.281982421875
0 0.038177490234375 0.359375 0.0640869140625 0.06982421875
0 0.59326171875 0.2119140625 0.0303802490234375 0.07159423828125
0 0.6396484375 0.0579833984375 0.054901123046875 0.115966796875
0 0.0869140625 0.11199951171875 0.05865478515625 0.05975341796875
0 0.00690460205078125 0.44140625 0.0117340087890625 0.0196380615234375
0 0.423828125 0.609375 0.07611083984375 0.06903076171875
0 0.0755615234375 0.47119140625 0.04248046875 0.0709228515625
0 0.249755859375 0.7998046875 0.0261077880859375 0.0457763671875
0 0.304443359375 0.039581298828125 0.1361083984375 0.07916259765625
0 0.1551513671875 0.1763916015625 0.06500244140625 0.048309326171875
0 0.18701171875 0.25634765625 0.10174560546875 0.09857177734375
0 0.056854248046875 0.145751953125 0.0287017822265625 0.0299835205078125
0 0.397216796875 0.53955078125 0.03753662109375 0.04132080078125
0 0.57861328125 0.47265625 0.0287628173828125 0.0290374755859375