0 0.5166015625 0.5068359375 0.93505859375 0.9365234375
0 0.61083984375 0.120849609375 0.08477783203125 0.2315673828125
0 0.177978515625 0.1246337890625 0.29443359375 0.050048828125
0 0.310302734375 0.33251953125 0.35986328125 0.251953125
0 0.7333984375 0.1365966796875 0.218994140625 0.2021484375
0 0.0802001953125 0.299072265625 0.018096923828125 0.0164031982421875
0 0.0823974609375 0.205810546875 0.0104522705078125 0.0094146728515625
0 0.23876953125 0.87548828125 0.20751953125 0.1959228515625
0 0.15966796875 0.417724609375 0.0119171142578125 0.0125274658203125
0 0.421142578125 0.23388671875 0.01242828369140625 0.01512908935546875
0 0.495849609375 0.25927734375 0.01238250732421875 0.011505126953125
0 0.4853515625 0.242919921875 0.011688232421875 0.0129241943359375
0 0.517578125 0.265380859375 0.01467132568359375 0.011688232421875
0 0.89599609375 0.0810546875 0.0162200927734375 0.01763916015625
0 0.826171875 0.385009765625 0.012969970703125 0.01029205322265625
0 0.039276123046875 0.330322265625 0.011871337890625 0.01473236083984375
0 0.3134765625 0.63525390625 0.05645751953125 0.089599609375
0 0.923828125 0.446044921875 0.140625 0.063232421875
0 0.1942138671875 0.7314453125 0.1995849609375 0.1358642578125
0 0.11737060546875 0.28564453125 0.03253173828125 0.023773193359375
0 0.8818359375 0.0364990234375 0.0164642333984375 0.0180206298828125
0 0.74853515625 0.429443359375 0.159423828125 0.08197021484375
0 0.1044921875 0.5107421875 0.139404296875 0.16259765625
0 0.11614990234375 0.23876953125 0.0784912109375 0.029205322265625
0 0.06475830078125 0.2276611328125 0.06585693359375 0.0311431884765625
0 0.84814453125 0.3330078125 0.0535888671875 0.042236328125
0 0.158935546875 0.8359375 0.048583984375 0.1041259765625
0 0.34716796875 0.5771484375 0.0699462890625 0.06512451171875
0 0.40380859375 0.8447265625 0.06951904296875 0.0296478271484375
0 0.50439453125 0.28369140625 0.043121337890625 0.03521728515625
0 0.038604736328125 0.219970703125 0.021240234375 0.0215301513671875
0 0.272705078125 0.481201171875 0.034698486328125 0.0165863037109375
0 0.486572265625 0.90966796875 0.03753662109375 0.058013916015625
0 0.107421875 0.47802734375 0.038543701171875 0.0284881591796875
0 0.814453125 0.39794921875 0.046478271484375 0.0247039794921875