0 0.4785156249999999 0.4746093749999999 0.9062499999999998 0.9257812499999998
0 0.599609375 0.1019287109375 0.0121002197265625 0.01490020751953125
0 0.69384765625 0.33203125 0.0855712890625 0.09979248046875
0 0.58154296875 0.416748046875 0.0230712890625 0.0289764404296875
0 0.78564453125 0.16748046875 0.1868896484375 0.32177734375
0 0.61181640625 0.09686279296875 0.0127716064453125 0.01384735107421875
0 0.6884765625 0.4296875 0.011962890625 0.01090240478515625
0 0.71337890625 0.0121002197265625 0.01678466796875 0.01507568359375
0 0.4375 0.919921875 0.0184326171875 0.02191162109375
0 0.5009765625 0.2490234375 0.08740234375 0.1231689453125
0 0.11029052734375 0.7021484375 0.0282745361328125 0.06488037109375
0 0.53857421875 0.150146484375 0.0102081298828125 0.0162200927734375
0 0.1346435546875 0.56884765625 0.2333984375 0.28662109375
0 0.383056640625 0.6748046875 0.07464599609375 0.07489013671875
0 0.0316162109375 0.72119140625 0.0154876708984375 0.01861572265625
0 0.32373046875 0.399169921875 0.2271728515625 0.061431884765625
0 0.70751953125 0.433837890625 0.00974273681640625 0.0095977783203125
0 0.12322998046875 0.47509765625 0.10394287109375 0.095703125
0 0.29248046875 0.08282470703125 0.01242828369140625 0.01490020751953125
0 0.67626953125 0.2420654296875 0.05145263671875 0.056854248046875
0 0.6025390625 0.430908203125 0.03155517578125 0.0364990234375
0 0.097900390625 0.8974609375 0.193115234375 0.10577392578125
0 0.6806640625 0.4111328125 0.0116424560546875 0.0144500732421875
0 0.61376953125 0.306640625 0.06732177734375 0.06597900390625
0 0.406494140625 0.8662109375 0.0273284912109375 0.047882080078125
0 0.1798095703125 0.3876953125 0.08050537109375 0.034027099609375
0 0.06903076171875 0.42822265625 0.059417724609375 0.040252685546875
0 0.0540313720703125 0.81591796875 0.108062744140625 0.07684326171875
0 0.01483917236328125 0.30810546875 0.0280609130859375 0.115966796875
0 0.029541015625 0.6337890625 0.055419921875 0.06475830078125
0 0.8232421875 0.03802490234375 0.0253753662109375 0.0240020751953125
0 0.2197265625 0.085693359375 0.049774169921875 0.09088134765625
0 0.2059326171875 0.07305908203125 0.0245208740234375 0.033905029296875
0 0.79248046875 0.0609130859375 0.158935546875 0.121826171875
0 0.1278076171875 0.363037109375 0.0203704833984375 0.035888671875
0 0.021240234375 0.187255859375 0.040618896484375 0.04107666015625
0 0.34765625 0.046905517578125 0.05450439453125 0.044189453125
0 0.0792236328125 0.14892578125 0.023468017578125 0.1087646484375
0 0.28857421875 0.5029296875 0.218994140625 0.10174560546875
0 0.13427734375 0.125732421875 0.0830078125 0.153564453125
0 0.033905029296875 0.328125 0.03656005859375 0.059661865234375
0 0.1339111328125 0.279541015625 0.0205230712890625 0.05780029296875
0 0.01422882080078125 0.77392578125 0.0278472900390625 0.06573486328125
0 0.01393890380859375 0.732421875 0.0278778076171875 0.059661865234375