0 0.5156249999999999 0.5224609374999999 0.9687499999999998 0.9082031249999998
0 0.428955078125 0.328857421875 0.0139007568359375 0.011962890625
0 0.269287109375 0.5986328125 0.0310821533203125 0.016021728515625
0 0.7744140625 0.3818359375 0.01483917236328125 0.01111602783203125
0 0.348388671875 0.74560546875 0.047882080078125 0.123779296875
0 0.4150390625 0.31396484375 0.01177978515625 0.0115966796875
0 0.77001953125 0.06561279296875 0.01507568359375 0.0165252685546875
0 0.038238525390625 0.460693359375 0.01678466796875 0.01495361328125
0 0.1143798828125 0.26611328125 0.2254638671875 0.04193115234375
0 0.353271484375 0.325927734375 0.0200653076171875 0.0250396728515625
0 0.89501953125 0.42041015625 0.14013671875 0.0293731689453125
0 0.81298828125 0.1873779296875 0.0173797607421875 0.01433563232421875
0 0.450927734375 0.330810546875 0.017242431640625 0.0127716064453125
0 0.266357421875 0.442138671875 0.290283203125 0.06964111328125
0 0.7119140625 0.447021484375 0.15869140625 0.046905517578125
0 0.115966796875 0.634765625 0.033782958984375 0.0235595703125
0 0.491943359375 0.151123046875 0.07122802734375 0.204345703125
0 0.791015625 0.315185546875 0.011688232421875 0.0117340087890625
0 0.489990234375 0.408203125 0.046630859375 0.029205322265625
0 0.058349609375 0.39208984375 0.0792236328125 0.0305633544921875
0 0.7294921875 0.0966796875 0.0163421630859375 0.018768310546875
0 0.6015625 0.375732421875 0.09368896484375 0.05572509765625
0 0.6611328125 0.292724609375 0.044525146484375 0.03216552734375
0 0.06817626953125 0.436279296875 0.0234222412109375 0.01384735107421875
0 0.77099609375 0.394287109375 0.050048828125 0.0279541015625
0 0.39794921875 0.1318359375 0.021240234375 0.016021728515625
0 0.311279296875 0.953125 0.18505859375 0.0830078125
0 0.1497802734375 0.56494140625 0.02630615234375 0.0257568359375
0 0.02056884765625 0.370361328125 0.021453857421875 0.01507568359375
0 0.0191650390625 0.393798828125 0.037200927734375 0.03179931640625
0 0.303955078125 0.56982421875 0.09417724609375 0.06610107421875