0 0.72314453125 0.72216796875 0.37451171875 0.2254638671875
0 0.349853515625 0.5478515625 0.1607666015625 0.07666015625
0 0.5048828125 0.447509765625 0.2783203125 0.252685546875
0 0.3310546875 0.10284423828125 0.1873779296875 0.1766357421875
0 0.343017578125 0.80078125 0.242919921875 0.205322265625
0 0.57080078125 0.2939453125 0.2264404296875 0.1329345703125
0 0.9375 0.1822509765625 0.1041259765625 0.1710205078125
0 0.1922607421875 0.314697265625 0.12213134765625 0.07147216796875
0 0.1800537109375 0.08404541015625 0.1571044921875 0.1412353515625
0 0.06793212890625 0.6142578125 0.1357421875 0.1519775390625
0 0.4111328125 0.353759765625 0.11553955078125 0.10052490234375
0 0.055938720703125 0.3046875 0.1087646484375 0.120849609375
0 0.1982421875 0.6630859375 0.043609619140625 0.1298828125
0 0.457763671875 0.277587890625 0.07330322265625 0.035614013671875
0 0.71484375 0.236328125 0.1497802734375 0.0889892578125
0 0.08154296875 0.2254638671875 0.1044921875 0.09515380859375
0 0.6064453125 0.09503173828125 0.039642333984375 0.11029052734375
0 0.1524658203125 0.46337890625 0.1829833984375 0.07489013671875
0 0.7177734375 0.11737060546875 0.252685546875 0.0775146484375
0 0.03643798828125 0.587890625 0.028106689453125 0.02655029296875
0 0.52978515625 0.2064208984375 0.0469970703125 0.0517578125
0 0.4072265625 0.6728515625 0.046905517578125 0.07501220703125
0 0.55517578125 0.046112060546875 0.09222412109375 0.035675048828125
0 0.05450439453125 0.455810546875 0.0333251953125 0.0191650390625
0 0.14599609375 0.8251953125 0.072509765625 0.0830078125
0 0.87548828125 0.91748046875 0.09368896484375 0.157958984375
0 0.042877197265625 0.076416015625 0.021820068359375 0.0318603515625
0 0.91845703125 0.67578125 0.06793212890625 0.041778564453125
0 0.1177978515625 0.16357421875 0.0369873046875 0.0439453125
0 0.24853515625 0.68798828125 0.0701904296875 0.045440673828125
0 0.9189453125 0.09283447265625 0.12213134765625 0.0309600830078125
0 0.06292724609375 0.54833984375 0.0482177734375 0.02447509765625
0 0.4072265625 0.0304412841796875 0.046478271484375 0.021331787109375
0 0.9833984375 0.118408203125 0.0227203369140625 0.05499267578125
0 0.81494140625 0.29736328125 0.1370849609375 0.06597900390625
0 0.319580078125 0.379150390625 0.0869140625 0.040252685546875
0 0.34619140625 0.4599609375 0.04681396484375 0.0618896484375