0 0.2541503906249999 0.47900390624999983 0.38427734374999994 0.22686767578125
0 0.5551757812499999 0.3402099609375 0.30590820312499994 0.35491943359374994
0 0.4306640625 0.330322265625 0.1033935546875 0.110107421875
0 0.48388671875 0.78076171875 0.2486572265625 0.203125
0 0.81982421875 0.6298828125 0.353759765625 0.2186279296875
0 0.51220703125 0.163818359375 0.053009033203125 0.051666259765625
0 0.287841796875 0.090576171875 0.206298828125 0.1763916015625
0 0.2099609375 0.337158203125 0.0999755859375 0.080810546875
0 0.075439453125 0.357177734375 0.1041259765625 0.1361083984375
0 0.91748046875 0.06768798828125 0.1602783203125 0.1326904296875
0 0.35302734375 0.372314453125 0.076416015625 0.053985595703125
0 0.142578125 0.59130859375 0.045196533203125 0.034088134765625
0 0.13232421875 0.634765625 0.026458740234375 0.0243377685546875
0 0.30126953125 0.83056640625 0.06573486328125 0.11181640625
0 0.11474609375 0.204345703125 0.03643798828125 0.039703369140625
0 0.900390625 0.59375 0.08880615234375 0.037384033203125