0 0.2001953125 0.5244140625 0.400390625 0.294921875
0 0.513671875 0.45703125 0.30078125 0.3515625
0 0.4873046875 0.779296875 0.279296875 0.1875
0 0.3779296875 0.3525390625 0.0994873046875 0.12042236328125
0 0.80859375 0.5849609375 0.371337890625 0.2257080078125
0 0.302490234375 0.87158203125 0.06549072265625 0.11358642578125
0 0.2137451171875 0.1312255859375 0.2108154296875 0.1656494140625
0 0.443359375 0.17333984375 0.05560302734375 0.046630859375
0 0.52001953125 0.2381591796875 0.2139892578125 0.1309814453125
0 0.08465576171875 0.176513671875 0.13818359375 0.187744140625
0 0.12158203125 0.65966796875 0.040008544921875 0.03839111328125
0 0.040985107421875 0.436767578125 0.07879638671875 0.13525390625
0 0.360595703125 0.4736328125 0.060516357421875 0.04400634765625
0 0.1163330078125 0.705078125 0.0250396728515625 0.023193359375
0 0.97216796875 0.464111328125 0.053985595703125 0.0604248046875
0 0.63232421875 0.135986328125 0.1436767578125 0.107421875
0 0.412841796875 0.01666259765625 0.10650634765625 0.0302734375
0 0.841796875 0.045257568359375 0.1632080078125 0.083740234375
0 0.46923828125 0.0460205078125 0.0582275390625 0.0855712890625
0 0.266845703125 0.046295166015625 0.040985107421875 0.0276947021484375