0 0.328857421875 0.369140625 0.279052734375 0.2149658203125
0 0.78759765625 0.64013671875 0.26904296875 0.362060546875
0 0.404296875 0.22900390625 0.03875732421875 0.1781005859375
0 0.546875 0.293212890625 0.180419921875 0.11376953125
0 0.56494140625 0.6162109375 0.2841796875 0.140869140625
0 0.71142578125 0.41455078125 0.358642578125 0.164306640625
0 0.04931640625 0.297119140625 0.082275390625 0.1104736328125
0 0.07501220703125 0.429931640625 0.1461181640625 0.28955078125
0 0.388671875 0.59375 0.062103271484375 0.0535888671875
0 0.1951904296875 0.60498046875 0.322998046875 0.153564453125
0 0.2371826171875 0.2301025390625 0.154052734375 0.2322998046875
0 0.54345703125 0.3779296875 0.23193359375 0.12066650390625
0 0.11553955078125 0.10430908203125 0.123779296875 0.140869140625
0 0.272705078125 0.50537109375 0.1842041015625 0.06085205078125
0 0.66552734375 0.54736328125 0.06109619140625 0.046295166015625
0 0.77197265625 0.12420654296875 0.328125 0.248046875
0 0.55029296875 0.73828125 0.3212890625 0.3291015625
0 0.0411376953125 0.63232421875 0.07720947265625 0.11260986328125
0 0.38427734375 0.1383056640625 0.2587890625 0.1702880859375
0 0.39404296875 0.68896484375 0.052520751953125 0.1971435546875
0 0.285888671875 0.79052734375 0.177001953125 0.364990234375
0 0.2210693359375 0.42578125 0.09234619140625 0.070556640625
0 0.14013671875 0.68994140625 0.262451171875 0.1517333984375
0 0.07318115234375 0.364013671875 0.1282958984375 0.0880126953125
0 0.39892578125 0.54150390625 0.10968017578125 0.079345703125
0 0.406494140625 0.78369140625 0.092041015625 0.37939453125
0 0.67236328125 0.481689453125 0.10687255859375 0.05560302734375
0 0.57470703125 0.09503173828125 0.362548828125 0.17529296875
0 0.57763671875 0.01763916015625 0.1331787109375 0.033660888671875
0 0.07666015625 0.79248046875 0.15234375 0.307373046875
0 0.8388671875 0.05767822265625 0.126953125 0.1153564453125
0 0.40283203125 0.0843505859375 0.1458740234375 0.08770751953125