0 0.7138671875 0.4541015625 0.572265625 0.896484375
0 0.361572265625 0.33056640625 0.2685546875 0.3369140625
0 0.42578125 0.591796875 0.2298583984375 0.281982421875
0 0.8095703125 0.090087890625 0.2257080078125 0.1636962890625
0 0.83984375 0.228515625 0.1898193359375 0.1591796875
0 0.1865234375 0.1749267578125 0.26806640625 0.338623046875
0 0.61669921875 0.240966796875 0.039703369140625 0.053497314453125
0 0.476806640625 0.85498046875 0.28076171875 0.1663818359375
0 0.2176513671875 0.06622314453125 0.11676025390625 0.1324462890625
0 0.131591796875 0.82470703125 0.12744140625 0.10504150390625
0 0.053497314453125 0.396484375 0.04083251953125 0.07122802734375
0 0.317138671875 0.8759765625 0.10504150390625 0.06658935546875
0 0.1412353515625 0.5380859375 0.11279296875 0.1409912109375
0 0.06982421875 0.33984375 0.06549072265625 0.0574951171875
0 0.49560546875 0.28369140625 0.021575927734375 0.0258026123046875
0 0.32763671875 0.07763671875 0.056243896484375 0.06951904296875
0 0.40087890625 0.8466796875 0.10089111328125 0.137939453125
0 0.339599609375 0.83544921875 0.022247314453125 0.049957275390625
0 0.364990234375 0.7548828125 0.025177001953125 0.05126953125
0 0.06243896484375 0.2181396484375 0.02691650390625 0.03204345703125
0 0.1143798828125 0.70458984375 0.019012451171875 0.044189453125
0 0.388916015625 0.064208984375 0.077392578125 0.03607177734375
0 0.35205078125 0.0218658447265625 0.072265625 0.042022705078125
0 0.300537109375 0.80126953125 0.052825927734375 0.0333251953125
0 0.253173828125 0.80615234375 0.012237548828125 0.01678466796875
0 0.09637451171875 0.73583984375 0.0247955322265625 0.043212890625