0 0.52783203125 0.60986328125 0.5086669921874999 0.6633300781249999
0 0.1434326171875 0.79443359375 0.281982421875 0.3974609375
0 0.2802734375 0.1790771484375 0.01861572265625 0.0204925537109375
0 0.092529296875 0.95263671875 0.0220794677734375 0.040771484375
0 0.270751953125 0.11578369140625 0.035003662109375 0.0245208740234375
0 0.18455505371093756 0.3197021484375 0.369110107421875 0.4285888671875
0 0.06744384765625 0.2459716796875 0.1282958984375 0.1427001953125
0 0.591796875 0.322021484375 0.04010009765625 0.02423095703125
0 0.123046875 0.70361328125 0.02630615234375 0.05389404296875
0 0.0263519287109375 0.1302490234375 0.052703857421875 0.0496826171875
0 0.0190582275390625 0.38525390625 0.03759765625 0.04620361328125