0 0.576171875 0.591796875 0.48876953125 0.65380859375
0 0.1566162109375 0.226318359375 0.09619140625 0.320556640625
0 0.274658203125 0.207275390625 0.265380859375 0.36181640625
0 0.61328125 0.383056640625 0.2216796875 0.11199951171875
0 0.630859375 0.537109375 0.171875 0.053802490234375
0 0.479248046875 0.10504150390625 0.0164642333984375 0.021087646484375
0 0.17578125 0.66064453125 0.335205078125 0.4375
0 0.18603515625 0.54638671875 0.02069091796875 0.05126953125
0 0.7119140625 0.2039794921875 0.0251312255859375 0.024566650390625
0 0.6513671875 0.232177734375 0.1417236328125 0.053802490234375
0 0.09027099609375 0.76904296875 0.0223236083984375 0.0258636474609375
0 0.18603515625 0.05291748046875 0.0164642333984375 0.027587890625