0 0.1837158203125 0.2294921875 0.35351562499999994 0.21398925781249994
0 0.6796875 0.1404418945312499 0.4990234374999999 0.27795410156249994
0 0.081329345703125 0.467529296875 0.16265869140625 0.197784423828125
0 0.5595703125 0.450927734375 0.67626953125 0.48779296875
0 0.7666015625 0.09619140625 0.03253173828125 0.023101806640625
0 0.43408203125 0.48291015625 0.092041015625 0.22607421875
0 0.5361328125 0.07489013671875 0.052703857421875 0.0252227783203125
0 0.308349609375 0.054290771484375 0.1632080078125 0.10394287109375
0 0.01049041748046875 0.464111328125 0.017913818359375 0.020721435546875
0 0.041290283203125 0.383544921875 0.08258056640625 0.029815673828125
0 0.443359375 0.1826171875 0.0416259765625 0.0394287109375