0 0.2529296874999999 0.1705322265625 0.2882080078125 0.2845458984375
0 0.51708984375 0.477783203125 0.49169921875 0.64990234375
0 0.69091796875 0.190673828125 0.036285400390625 0.0360107421875
0 0.12286376953125 0.52880859375 0.0219879150390625 0.04949951171875
0 0.1807861328125 0.65283203125 0.348876953125 0.459716796875
0 0.57421875 0.265625 0.2305908203125 0.11083984375
0 0.44873046875 0.0216522216796875 0.01953125 0.0226287841796875
0 0.435302734375 0.05059814453125 0.2127685546875 0.09912109375
0 0.16845703125 0.50732421875 0.1370849609375 0.04681396484375
0 0.5888671875 0.41455078125 0.203369140625 0.057281494140625
0 0.1153564453125 0.2135009765625 0.09173583984375 0.3017578125
0 0.6767578125 0.060638427734375 0.023956298828125 0.0306243896484375