0 0.4914556621934807 0.4957438818092552 0.8911051042912675 0.9914877636185104
0 0.7470703125 0.25094454405737704 0.0167236328125 0.17573455643784153
0 0.1787109375 0.7150451993681693 0.1304931640625 0.18252179922301912
0 0.6845703125 0.436584806181694 0.0184326171875 0.02781393749466359
0 0.5712890625 0.14409132993937843 0.1268310546875 0.23388471759733606
0 0.07708740234375 0.3002896334955601 0.1015625 0.0906188631318306
0 0.34130859375 0.436217928193306 0.07720947265625 0.06943165930242487
0 0.492919921875 0.41750715078551914 0.033538818359375 0.050766741643186473
0 0.2137451171875 0.9032536074112022 0.20947265625 0.1626186683529713
0 0.43017578125 0.5800340996413934 0.043609619140625 0.04021899947703211
0 0.2327880859375 0.4934508943818306 0.123779296875 0.1242799185664276
0 0.5947265625 0.4428217319842896 0.026458740234375 0.03712346645000854
0 0.52197265625 0.08497811406036544 0.03594970703125 0.09437936251280737
0 0.1904296875 0.6009461449795082 0.04248046875 0.027974446614583332
0 0.1707763671875 0.46226626536885246 0.0521240234375 0.06346989199112021
0 0.51708984375 0.025142607141713628 0.07977294921875 0.050285214283427256
0 0.72412109375 0.1192353462260929 0.172119140625 0.10795384808316257