0 0.160888671875 0.9384765625 0.137939453125 0.09283447265625
0 0.70703125 0.62353515625 0.1431884765625 0.1268310546875
0 0.93463134765625 0.5869140625 0.1307373046875 0.1453857421875
0 0.7255859375 0.80224609375 0.52490234375 0.382568359375
0 0.02655029296875 0.41015625 0.0253753662109375 0.020721435546875
0 0.023773193359375 0.94482421875 0.047515869140625 0.05450439453125
0 0.0451507568359375 0.556640625 0.090301513671875 0.11474609375
0 0.55859375 0.56298828125 0.03204345703125 0.03594970703125
0 0.50830078125 0.8154296875 0.180419921875 0.2127685546875
0 0.75048828125 0.172119140625 0.089599609375 0.12103271484375
0 0.1224365234375 0.04595947265625 0.048492431640625 0.029083251953125
0 0.05072021484375 0.444091796875 0.051544189453125 0.03155517578125
0 0.55419921875 0.6552734375 0.1483154296875 0.10107421875
0 0.5966796875 0.050140380859375 0.0975341796875 0.0521240234375
0 0.0362701416015625 0.275146484375 0.072540283203125 0.11029052734375
0 0.84912109375 0.1829833984375 0.277099609375 0.36181640625
0 0.9942779541015625 0.052337646484375 0.011444091796875 0.034820556640625
0 0.466796875 0.54052734375 0.053985595703125 0.10107421875
0 0.3701171875 0.0335845947265625 0.04510498046875 0.067169189453125
0 0.61181640625 0.33447265625 0.1632080078125 0.1298828125
0 0.17626953125 0.166259765625 0.338623046875 0.326904296875
0 0.147705078125 0.52880859375 0.28857421875 0.400390625
0 0.5927734375 0.48193359375 0.16748046875 0.140869140625