0 0.2987347703842549 0.39224289224289216 0.302249297094658 0.6826956826956828
0 0.6232427366447985 0.46507546507546504 0.4170571696344893 0.9196209196209196
0 0.5889741563305413 0.254150390625 0.33148130436533507 0.443115234375
0 0.11839782085615336 0.2088623046875 0.22799525310083762 0.352783203125
0 0.20827586380476804 0.68017578125 0.3833058150773196 0.5625
0 0.30670984012564434 0.1695556640625 0.240380985220683 0.218017578125
0 0.05545059676022874 0.259521484375 0.11057525320151418 0.21142578125
0 0.5609432889014175 0.153564453125 0.22440990959246135 0.1502685546875
0 0.8494004711662371 0.313720703125 0.27020452440399484 0.1533203125
0 0.17177054808311856 0.09075927734375 0.13208731425177192 0.1318359375
0 0.5902779176063144 0.0809326171875 0.27199719615818296 0.1512451171875
0 0.8226733650128866 0.216796875 0.2258766410277062 0.1419677734375