0 0.4963859182889344 0.486328125 0.9604865735997268 0.94287109375
0 0.28249605105874315 0.5712890625 0.1592250469603825 0.077392578125
0 0.9135261910860656 0.172607421875 0.17160717906847678 0.11456298828125
0 0.3877900337260929 0.161376953125 0.20728606343920766 0.12213134765625
0 0.09181121659409153 0.2247314453125 0.17481736146687157 0.08154296875
0 0.6695523288080601 0.057586669921875 0.14739323183487021 0.11376953125
0 0.6743217426571039 0.2115478515625 0.20673574645662568 0.06292724609375
0 0.7403597805669399 0.295166015625 0.22929874274248635 0.1480712890625
0 0.13858816011355873 0.94580078125 0.2214108659921448 0.09515380859375
0 0.17215749605105873 0.377685546875 0.17426704448428962 0.12445068359375
0 0.4057670551571038 0.29931640625 0.19224406591530055 0.1373291015625
0 0.20270008858435792 0.03125 0.11382389589737021 0.06243896484375
0 0.1429906959742145 0.1353759765625 0.12785697895321038 0.061309814453125
0 0.1542721941171448 0.83349609375 0.16894731365266394 0.11065673828125
0 0.3976957394125683 0.083740234375 0.1393219160903347 0.04595947265625
0 0.28836609887295084 0.236328125 0.06397434922515369 0.11474609375
0 0.02753877900337261 0.392333984375 0.05507755800674522 0.089111328125
0 0.1075869700947746 0.77001953125 0.03322538782338627 0.0214080810546875
0 0.3910919356215847 0.9267578125 0.05333488756190232 0.035736083984375
0 0.28341324602971313 0.65087890625 0.10208380026895492 0.10089111328125
0 0.2580986648309426 0.77490234375 0.08130933417648566 0.04876708984375
0 0.3721977192196038 0.96435546875 0.11648376131318305 0.06671142578125