0 0.6548713235294118 0.5641891891891897 0.004595588235294118 0.05405405405405406
0 0.444623161764706 0.47466216216216245 0.7375919117647058 0.8952702702702703
0 0.415283203125 0.22560177364864864 0.184814453125 0.3354413006756757
0 0.2166748046875 0.601245777027027 0.1898193359375 0.23403716216216217
0 0.06304931640625 0.7128800675675676 0.1246337890625 0.18898859797297296
0 0.364990234375 0.2970333614864865 0.0830078125 0.19096283783783785
0 0.0349578857421875 0.39520692567567567 0.069915771484375 0.1652977195945946
0 0.02978515625 0.5631967905405405 0.0595703125 0.0830078125
0 0.281005859375 0.5194045608108108 0.09466552734375 0.11899282094594595
0 0.470703125 0.06434227195945946 0.31298828125 0.12132601351351352
0 0.028167724609375 0.670164695945946 0.0504150390625 0.07609797297297298
0 0.9501953125 0.07807221283783784 0.09686279296875 0.15067039695945947
0 0.254638671875 0.38048986486486486 0.1114501953125 0.1380173141891892