0 0.1395263671875 0.8924245932667526 0.1055908203125 0.13005018725837628
0 0.06280517578125 0.1784523246214562 0.118408203125 0.11383465639094717
0 0.071044921875 0.5114003604220361 0.1334228515625 0.16191085343508377
0 0.383544921875 0.1298057320191688 0.0765380859375 0.08022206099991946
0 0.33837890625 0.5104225394652062 0.67138671875 0.9491382087628866
0 0.0830078125 0.3513636638208763 0.07989501953125 0.07036236635188467
0 0.2440185546875 0.14341374033505155 0.12445068359375 0.2258766410277062
0 0.43994140625 0.36831256040592786 0.187744140625 0.13542820252094073
0 0.64990234375 0.29579083944104384 0.0838623046875 0.161340457876933
0 0.23193359375 0.42437429526417525 0.038116455078125 0.09069289374597293
0 0.036224365234375 0.9302336702641752 0.06939697265625 0.12662781390947164
0 0.1331787109375 0.8011613039626289 0.03839111328125 0.057365496134020616
0 0.62939453125 0.40286223421391754 0.019012451171875 0.03613863286283827