0 0.4041988416988417 0.5976159793814433 0.4174710424710425 0.31894329896907214
0 0.7401061776061776 0.6024484536082474 0.5197876447876448 0.5283505154639175
0 0.15625 0.5990783062177835 0.185302734375 0.2351659401175902
0 0.1834716796875 0.3013318248630799 0.26953125 0.29953915310889173
0 0.6123046875 0.28340510732119845 0.2447509765625 0.3363704091494845
0 0.9052734375 0.2100685355589562 0.1744384765625 0.3767870086984536
0 0.0513763427734375 0.6557919217139175 0.102752685546875 0.26238195674935566
0 0.100341796875 0.8787350998711341 0.19873046875 0.16582213726240336
0 0.9072265625 0.06632885490496133 0.1558837890625 0.12157573896585051
0 0.62255859375 0.10747882017155283 0.06622314453125 0.07618854955299613
0 0.0809326171875 0.26824888249033507 0.07598876953125 0.20534240093427836
0 0.64599609375 0.03766647810788499 0.07366943359375 0.07317360160277062
0 0.70556640625 0.12890939614207475 0.08880615234375 0.10959743224468428
0 0.440673828125 0.12931682154075386 0.1658935546875 0.17079272712628865
0 0.7314453125 0.0331033136426788 0.0704345703125 0.06319167933513209