0 0.7265625 0.80224609375 0.52392578125 0.382080078125
0 0.84912109375 0.18310546875 0.27685546875 0.36181640625
0 0.1868896484375 0.1656494140625 0.35986328125 0.326904296875
0 0.1463623046875 0.5283203125 0.287841796875 0.40185546875
0 0.9345703125 0.58740234375 0.130859375 0.1456298828125
0 0.02655029296875 0.41015625 0.025421142578125 0.020721435546875
0 0.70654296875 0.62353515625 0.1429443359375 0.1268310546875
0 0.50830078125 0.8154296875 0.1800537109375 0.2127685546875
0 0.55859375 0.56298828125 0.031982421875 0.035888671875
0 0.59619140625 0.050140380859375 0.097412109375 0.052032470703125
0 0.7509765625 0.172119140625 0.089599609375 0.120849609375
0 0.160888671875 0.9384765625 0.137939453125 0.093017578125
0 0.04510498046875 0.556640625 0.0902099609375 0.114990234375
0 0.61376953125 0.33349609375 0.161865234375 0.1304931640625
0 0.0504150390625 0.444091796875 0.05242919921875 0.03167724609375
0 0.467041015625 0.54150390625 0.05389404296875 0.09912109375
0 0.0237274169921875 0.94482421875 0.04742431640625 0.05450439453125
0 0.55419921875 0.6552734375 0.1480712890625 0.10107421875
0 0.12274169921875 0.04595947265625 0.04779052734375 0.0290374755859375
0 0.0355377197265625 0.275146484375 0.071075439453125 0.10687255859375
0 0.3701171875 0.0331573486328125 0.0455322265625 0.066314697265625
0 0.9942893981933594 0.052337646484375 0.01142120361328125 0.0345458984375