0 0.953125 0.10683347204048645 0.0831298828125 0.20977392337592365
0 0.0537109375 0.23432990013084976 0.09979248046875 0.45548342249076357
0 0.157958984375 0.543825046182266 0.1883544921875 0.058395310575738914
0 0.161865234375 0.9379185267857143 0.252685546875 0.11192434527016626
0 0.431396484375 0.7450642703201971 0.06951904296875 0.08639511333897783
0 0.6513671875 0.08976407356450124 0.277587890625 0.17279022667795566
0 0.1903076171875 0.7079308420566502 0.2149658203125 0.15796680168565272
0 0.1923828125 0.1444160950007697 0.2098388671875 0.2888321900015394
0 0.398681640625 0.4779431573275862 0.06243896484375 0.14396690030403325
0 0.5107421875 0.49890557650862066 0.97705078125 0.9870304802955665
0 0.81298828125 0.30260749403479065 0.11376953125 0.12420233364762931
0 0.425048828125 0.11858739993842364 0.061767578125 0.2338807054341133
0 0.08282470703125 0.042785794864147166 0.030731201171875 0.05775895142202894
0 0.57470703125 0.2870354112145936 0.053985595703125 0.10286558555264778
0 0.86474609375 0.2771531278863916 0.01467132568359375 0.016283307756696428