0 0.046539306640625 0.8269429858265027 0.08599853515625 0.1458340003842213
0 0.87646484375 0.8650982966188525 0.2354736328125 0.24764264216188525
0 0.1456298828125 0.7425610484972678 0.281005859375 0.40429954320355194
0 0.300048828125 0.4967527962773224 0.0872802734375 0.22764779179474043
0 0.94775390625 0.3322080184853142 0.10394287109375 0.13464422173838797
0 0.76171875 0.502255966103142 0.106689453125 0.18949248100239072
0 0.552734375 0.9406751622267759 0.2039794921875 0.11565828583931011
0 0.90673828125 0.6035142908982241 0.06768798828125 0.13537797771516394
0 0.460693359375 0.5308724491974044 0.152587890625 0.22361213392247267
0 0.1015625 0.5169310856386612 0.1461181640625 0.16087599790812843
0 0.60546875 0.8540919569672131 0.048583984375 0.0821806693989071
0 0.45751953125 0.7755800674521858 0.09173583984375 0.09951565435023907
0 0.78955078125 0.8071315744535519 0.07318115234375 0.08296028512423156
0 0.32470703125 0.22287837794569673 0.1121826171875 0.21407330622438525
0 0.8701171875 0.24122227736509563 0.070068359375 0.059021496381915985
0 0.45556640625 0.9619540855532787 0.08270263671875 0.07273356119791667
0 0.12548828125 0.23608598552766394 0.059967041015625 0.15867472997780055
0 0.57861328125 0.26433559063353823 0.1131591796875 0.14555884189293034
0 0.439208984375 0.3103787781762295 0.08868408203125 0.08355646185536202
0 0.7119140625 0.705139493681694 0.05865478515625 0.06929408005677937
0 0.7646484375 0.33330865245047814 0.09619140625 0.15537282808230873
0 0.6474609375 0.6079168267588798 0.06866455078125 0.08782141847037227
0 0.2303466796875 0.15078685322745902 0.07183837890625 0.11153090846994536
0 0.4208984375 0.14179834251195356 0.053985595703125 0.0805297184511612
0 0.60595703125 0.12859073492998635 0.0948486328125 0.08511569330601093
0 0.0369873046875 0.1866491765923839 0.0706787109375 0.1410645865351776
0 0.8837890625 0.3885237897028688 0.0241851806640625 0.07993354172003074
0 0.80712890625 0.057278825937073084 0.07489013671875 0.11382389589737021
0 0.68212890625 0.4109033469945355 0.07183837890625 0.11584172483350409
0 0.481201171875 0.10318443423411885 0.07159423828125 0.15317156015198088
0 0.78466796875 0.9617159483862705 0.056640625 0.07656810322745902
0 0.98321533203125 0.6776236445525956 0.0335693359375 0.07273356119791667