0 0.12744140625 0.7612036401098901 0.1561279296875 0.2882281292925824
0 0.08648681640625 0.6634615384615384 0.0560302734375 0.07761056082589286
0 0.2213134765625 0.47464156936813184 0.1724853515625 0.29896495106456045
0 0.04010009765625 0.47908439217032966 0.0738525390625 0.1725296188186813
0 0.43798828125 0.6356938959478022 0.056121826171875 0.07835103129292582
0 0.1513671875 0.48167603880494503 0.033843994140625 0.05095362401270604
0 0.041778564453125 0.9403974931318682 0.08270263671875 0.10607239440247253
0 0.4482421875 0.3420973557692308 0.09271240234375 0.1631811791723901
0 0.9228515625 0.516107915521978 0.0161590576171875 0.026749495621565936
0 0.425537109375 0.3787506438873626 0.018829345703125 0.18678367530906592
0 0.5693359375 0.4331752232142857 0.0135345458984375 0.017516754485748628
0 0.1534423828125 0.6208844866071429 0.0301513671875 0.09010599995707418
0 0.343994140625 0.25546231112637363 0.03448486328125 0.03593595735319368
0 0.303955078125 0.34728064903846156 0.08343505859375 0.10523936512706043
0 0.5498046875 0.43058357657967034 0.012054443359375 0.020281948886074864
0 0.76904296875 0.2774913075206044 0.019195556640625 0.044289389809409344
0 0.447021484375 0.5224019144917582 0.0217437744140625 0.02934114225618132
0 0.331298828125 0.8722742101648352 0.0225830078125 0.03327489161229396
0 0.95068359375 0.3785655262706044 0.09808349609375 0.13707959520947802
0 0.54052734375 0.18724646935096154 0.039337158203125 0.024967738560267856
0 0.2469482421875 0.22639884529532966 0.052032470703125 0.04336380172561813
0 0.5 0.572013435782967 0.98583984375 0.8197008070054945
0 0.4208984375 0.8345102163461539 0.024749755859375 0.03278895786830357
0 0.69287109375 0.30562918526785715 0.047943115234375 0.03936063326322115
0 0.82080078125 0.14207777086195056 0.0237274169921875 0.03625991318252061
0 0.30517578125 0.1320814195570055 0.0219879150390625 0.028716370299622252
0 0.552734375 0.04521497789320055 0.017852783203125 0.026957752940418956
0 0.5966796875 0.052712241371909344 0.023193359375 0.035797119140625
0 0.47265625 0.1692900605254121 0.018768310546875 0.04151262555803571
0 0.67138671875 0.08765319153502747 0.037811279296875 0.08265501588255494
0 0.83154296875 0.048500815590659344 0.0213623046875 0.07520403180803571
0 0.8984375 0.09987095424107142 0.0296478271484375 0.031793950678228024
0 0.09637451171875 0.15133365169986263 0.1177978515625 0.11319942264766483
0 0.406005859375 0.2047400841346154 0.019500732421875 0.030544406765109892
0 0.1485595703125 0.020131540822458792 0.0237274169921875 0.039892846411401096
0 0.016845703125 0.1192157451923077 0.017913818359375 0.035797119140625
0 0.677734375 0.20011214371565933 0.0394287109375 0.06761420952094781
0 0.9945755004882812 0.20825731885302198 0.0108489990234375 0.04121180943080357
0 0.2666015625 0.01526641845703125 0.0266571044921875 0.0305328369140625
0 0.2890625 0.9278094951923077 0.129150390625 0.13782006567651098
0 0.4599609375 0.019367930653331044 0.046630859375 0.038249927562671704