0 0.9073486328125 0.1030786258658183 0.185302734375 0.20436457997744845
0 0.49560546875 0.5035777927673969 0.9853515625 0.9823841212951031
0 0.5595703125 0.15832550992670746 0.1658935546875 0.16981490616945877
0 0.81103515625 0.2560261205299613 0.06396484375 0.118560791015625
0 0.36279296875 0.26140413579252575 0.1761474609375 0.2526037471810567
0 0.160400390625 0.24592197064271906 0.06292724609375 0.1693259956910438
0 0.2276611328125 0.15889590548485824 0.13818359375 0.21707625241623713
0 0.261962890625 0.4237224146262887 0.041839599609375 0.06730667586179123
0 0.320556640625 0.38004641188788657 0.03875732421875 0.0964783344072165
0 0.11553955078125 0.5413868697648195 0.227783203125 0.19148993737918815
0 0.344970703125 0.5879963353737113 0.10968017578125 0.17698559318621135
0 0.0439453125 0.36961632168170105 0.08660888671875 0.11587178338434279
0 0.0723876953125 0.7385807627255154 0.1429443359375 0.19148993737918815
0 0.59814453125 0.05557282437983247 0.1165771484375 0.102752685546875
0 0.2139892578125 0.7314100757087629 0.1556396484375 0.33441476723582475
0 0.043365478515625 0.12393880627818943 0.08587646484375 0.13656899363724226
0 0.327880859375 0.05944336566728415 0.1007080078125 0.09118180422438789
0 0.1273193359375 0.04400194305734536 0.1441650390625 0.08441854260631443
0 0.02874755859375 0.04302412210051546 0.0574951171875 0.05060223451594716
0 0.1617431640625 0.43317468387564434 0.055938720703125 0.0648621234697165
0 0.422607421875 0.12687226914867913 0.090087890625 0.08808537119442654
0 0.0191192626953125 0.9634795827963918 0.038238525390625 0.06596217204615012
0 0.0294189453125 0.7731304365335051 0.0211639404296875 0.03774796318762081
0 0.02001953125 0.4416491321681701 0.021942138671875 0.029354999974830865
0 0.72314453125 0.07875532956467461 0.0994873046875 0.07195132540673324
0 0.3955078125 0.9536885526991382 0.080810546875 0.09262289460172358
0 0.5009765625 0.027358615521303156 0.047088623046875 0.04359451765866624