0 0.26015680684248044 0.5683794466403163 0.5203136136849609 0.3652173913043479
0 0.6711808030411025 0.4521739130434783 0.5963411736754574 0.22134387351778653
0 0.7482775005939655 0.7691699604743083 0.5034449988120691 0.4474308300395257
0 0.3718222855785222 0.8853754940711464 0.2922309337134712 0.21818181818181817
0 0.8113566167735806 0.10592885375494072 0.3540033262057495 0.21185770750988145
0 0.8231171299596103 0.2845849802371542 0.35376574008077927 0.14861660079051386
0 0.3755273182280531 0.12493896484375 0.26813241528569737 0.10412597656250001
0 0.513486492857567 0.21861258646245063 0.3343073436386315 0.16476457316884882
0 0.12948443810881446 0.05296442687747034 0.25896887621762893 0.10592885375494068
0 0.3041102399619862 0.037944664031620515 0.1900688999762414 0.07588932806324103
0 0.20902827274926988 0.216600790513834 0.35153243050685523 0.23715415019762848