0 0.14453125 0.03471264396746134 0.08709716796875 0.06755113110099871
0 0.75390625 0.057365496134020616 0.3330078125 0.10014516299532861
0 0.364501953125 0.6218941285438144 0.70849609375 0.7190243435889175
0 0.095489501953125 0.23060277565238402 0.19097900390625 0.14243591937822164
0 0.78076171875 0.28503480891591493 0.4130859375 0.31241379570715205
0 0.46826171875 0.09924882711823453 0.2337646484375 0.19833468407699742
0 0.260498046875 0.07830716162612758 0.0975341796875 0.14194700889980671
0 0.38671875 0.2252247603898196 0.0526123046875 0.07647374733207152
0 0.2049560546875 0.7353213595360825 0.11163330078125 0.10201931982925258
0 0.0278472900390625 0.5130300620167526 0.055694580078125 0.13021315741784795
0 0.1177978515625 0.4690281189594072 0.177490234375 0.11016782780283506
0 0.37548828125 0.3205623036807345 0.1490478515625 0.10552317825789304
0 0.0823974609375 0.035181183175942335 0.0472412109375 0.046324267829816364
0 0.1300048828125 0.935448715367268 0.1827392578125 0.12027197769007732