0 0.252197265625 0.6033709490740741 0.49755859375 0.6305157696759259
0 0.810546875 0.22231264467592593 0.2081298828125 0.18932653356481483
0 0.6513671875 0.1242992259837963 0.174072265625 0.24739583333333334
0 0.46142578125 0.41782407407407407 0.2100830078125 0.2193919994212963
0 0.271728515625 0.42091652199074076 0.1500244140625 0.28003833912037035
0 0.50830078125 0.28639503761574076 0.0982666015625 0.07842791521990741
0 0.71630859375 0.3597547743055556 0.55810546875 0.6961443865740741
0 0.5849609375 0.27660228587962965 0.20556640625 0.24189814814814814
0 0.11614990234375 0.4810474537037037 0.2322998046875 0.25804759837962965
0 0.5380859375 0.3504774305555556 0.09844970703125 0.0987865306712963
0 0.12158203125 0.40751591435185186 0.1566162109375 0.1131320529513889