0 0.4205274411974342 0.4845849802371544 0.3183654074602044 0.2766798418972332
0 0.3540033262057495 0.19762845849802396 0.708006652411499 0.11383399209486167
0 0.47992397244000956 0.5754940711462451 0.9360893323829891 0.3952569169960474
0 0.7186980280351629 0.3628458498023716 0.43953433119505825 0.07747035573122533
0 0.8361843668329769 0.2901185770750989 0.3276312663340461 0.14703557312252966
0 0.21026372059871704 0.316205533596838 0.42052744119743407 0.14229249011857706
0 0.7233309574720836 0.8043478260869565 0.5533380850558327 0.3913043478260868
0 0.3765740080779283 0.8873517786561265 0.28272748871465914 0.22529644268774704
0 0.8064861012116892 0.10434782608695653 0.3870277975766214 0.20237154150197637
0 0.20445182222061356 0.07229699900027793 0.4028139048671745 0.14459399800055586
0 0.4454739843193159 0.10988142292490119 0.14492753623188406 0.08379446640316204
0 0.34568781183178904 0.2031620553359684 0.681872178664766 0.15335968379446646