0 0.77978515625 0.5732945033482143 0.251953125 0.37754603794642855
0 0.28466796875 0.25612967354910715 0.1422119140625 0.25874546595982145
0 0.50341796875 0.31345912388392855 0.158935546875 0.23738316127232142
0 0.1312255859375 0.5279541015625 0.1458740234375 0.20959036690848215
0 0.36669921875 0.5907331194196429 0.1240234375 0.17732892717633927
0 0.50341796875 0.8209228515625 0.0987548828125 0.24566650390625
0 0.705078125 0.2288818359375 0.11065673828125 0.21547589983258927
0 0.325927734375 0.08158002580915179 0.1044921875 0.14713832310267858
0 0.83740234375 0.299072265625 0.10284423828125 0.16969953264508927
0 0.69482421875 0.6870814732142857 0.06866455078125 0.11716570172991071
0 0.414306640625 0.823974609375 0.07879638671875 0.16435895647321427
0 0.52734375 0.6718226841517857 0.08758544921875 0.10572160993303571
0 0.47021484375 0.16316005161830358 0.044342041015625 0.11629377092633929
0 0.71630859375 0.12261526925223214 0.058441162109375 0.06419590541294642