0 0.508605851979346 0.5058644147314098 0.9827882960413079 0.9882711705371804
0 0.953125 0.1054858879502771 0.08343505859375 0.20812687615455666
0 0.16259765625 0.9385174530480296 0.252685546875 0.11192434527016626
0 0.65087890625 0.08991380513008004 0.277099609375 0.1738383476370074
0 0.1953125 0.14404176608682265 0.217041015625 0.2880835321736453
0 0.05419921875 0.2263941271551724 0.10211181640625 0.4408097290640394
0 0.395751953125 0.4725528209667488 0.05718994140625 0.1477101894435037
0 0.1845703125 0.6929576854987685 0.2294921875 0.17683297894858374
0 0.1541748046875 0.5402314886083743 0.1710205078125 0.04664138267780173
0 0.806640625 0.3030566887315271 0.12744140625 0.12861941483220443
0 0.4541015625 0.707331915794335 0.03607177734375 0.043422154017857144