0 0.497802734375 0.5407695154989919 0.986328125 0.8848955708165323
0 0.0794677734375 0.6191071541078629 0.1502685546875 0.4412487399193548
0 0.2734375 0.20263868762600806 0.097900390625 0.3263402138986895
0 0.1063232421875 0.28817059916834675 0.0753173828125 0.2815758489793347
0 0.292724609375 0.7606924733807964 0.1434326171875 0.47861505323840725
0 0.77099609375 0.15297822029359878 0.07586669921875 0.2987621676537298
0 0.5087890625 0.15242865777784778 0.0823974609375 0.30485731555569556
0 0.2276611328125 0.3023593041204637 0.033660888671875 0.16267050466229838
0 0.49658203125 0.5391688193044355 0.9912109375 0.921662361391129
0 0.9749069213867188 0.09672300277217742 0.0501861572265625 0.18175531202746975
0 0.216064453125 0.05990231421685988 0.139404296875 0.11041210543724798
0 0.701171875 0.11141131001134072 0.06982421875 0.1359917425340222
0 0.64501953125 0.31494928175403225 0.09588623046875 0.2078345514112903
0 0.57177734375 0.04577605955062374 0.047698974609375 0.09155211910124748