0 0.9749069213867188 0.0961734402564264 0.0501861572265625 0.18105586882560484
0 0.2149658203125 0.05955259261592742 0.1375732421875 0.11021226452242944
0 0.498046875 0.5423682428175404 0.98583984375 0.8824974798387096
0 0.10650634765625 0.28817059916834675 0.0775146484375 0.28817059916834675
0 0.227783203125 0.3007605768019153 0.033782958984375 0.15847384545110887
0 0.7705078125 0.1509798111454133 0.07342529296875 0.2965639175907258
0 0.2919921875 0.7598931097215221 0.1417236328125 0.4802137805569556
0 0.5712890625 0.043627769716324344 0.047088623046875 0.08725553943264869
0 0.080078125 0.6211055632560484 0.152587890625 0.4488426946824597
0 0.50634765625 0.1463834701045867 0.0889892578125 0.2927669402091734
0 0.69970703125 0.0987214119203629 0.0699462890625 0.11231059412802419
0 0.64404296875 0.30995325888356856 0.097900390625 0.21243089245211694
0 0.272216796875 0.2048369376890121 0.09912109375 0.32234339560231856
0 0.396728515625 0.22482102917086694 0.07989501953125 0.23741100680443547
0 0.02396392822265625 0.7865738407258065 0.0479278564453125 0.24300655241935484
0 0.445068359375 0.08258425804876512 0.04302978515625 0.10176898587134577
0 0.052825927734375 0.22122389270413306 0.02947998046875 0.11061194635206653
0 0.49658203125 0.5395685011340726 0.9912109375 0.9208629977318549
0 0.89501953125 0.14308609501008066 0.04931640625 0.21802643806703628
0 0.343017578125 0.5747424710181451 0.053009033203125 0.13149532195060484
0 0.00745391845703125 0.31275103169102825 0.0149078369140625 0.06594750189012097
0 0.0709228515625 0.09347558790637601 0.02484130859375 0.07184280887726814