0 0.492431640625 0.46484375 0.90185546875 0.89697265625
0 0.39990234375 0.74609375 0.0738525390625 0.1007080078125
0 0.495849609375 0.06842041015625 0.0147857666015625 0.01287078857421875
0 0.411376953125 0.202392578125 0.07763671875 0.2401123046875
0 0.154052734375 0.378662109375 0.23583984375 0.55517578125
0 0.80859375 0.178955078125 0.087890625 0.07183837890625
0 0.611328125 0.1121826171875 0.080078125 0.11614990234375
0 0.88427734375 0.26806640625 0.1063232421875 0.11553955078125
0 0.5791015625 0.17138671875 0.0235595703125 0.0207977294921875
0 0.1544189453125 0.283203125 0.10357666015625 0.08062744140625
0 0.91162109375 0.400146484375 0.057586669921875 0.051361083984375
0 0.0439453125 0.359130859375 0.0184783935546875 0.036163330078125
0 0.6298828125 0.340576171875 0.0160980224609375 0.0235595703125
0 0.66650390625 0.302734375 0.0271148681640625 0.035552978515625
0 0.5185546875 0.024658203125 0.167724609375 0.0285491943359375
0 0.63916015625 0.416748046875 0.018402099609375 0.0191192626953125
0 0.058990478515625 0.42822265625 0.04949951171875 0.250244140625
0 0.2125244140625 0.171142578125 0.056121826171875 0.06268310546875