0 0.60400390625 0.53564453125 0.77294921875 0.919921875
0 0.6376953125 0.35546875 0.370361328125 0.051177978515625
0 0.54833984375 0.12445068359375 0.50439453125 0.158935546875
0 0.264892578125 0.290771484375 0.017303466796875 0.0135345458984375
0 0.701171875 0.283935546875 0.046905517578125 0.071044921875
0 0.36474609375 0.72607421875 0.0187225341796875 0.0333251953125
0 0.2470703125 0.193359375 0.1456298828125 0.0618896484375
0 0.96728515625 0.431396484375 0.010009765625 0.01512908935546875
0 0.56494140625 0.95263671875 0.0280609130859375 0.021697998046875
0 0.1190185546875 0.18505859375 0.012969970703125 0.01332855224609375
0 0.97998046875 0.491943359375 0.014617919921875 0.0282745361328125
0 0.47900390625 0.6826171875 0.12042236328125 0.1492919921875
0 0.85986328125 0.3232421875 0.01395416259765625 0.0160980224609375
0 0.65234375 0.427978515625 0.218017578125 0.042388916015625
0 0.91064453125 0.302978515625 0.01450347900390625 0.019683837890625
0 0.338623046875 0.5048828125 0.1282958984375 0.1336669921875
0 0.5166015625 0.06939697265625 0.0762939453125 0.034820556640625