0 0.49560546875 0.49169921875 0.982421875 0.98046875
0 0.3193359375 0.52880859375 0.158935546875 0.53271484375
0 0.71240234375 0.10858154296875 0.01306915283203125 0.0110321044921875
0 0.69580078125 0.146728515625 0.01473236083984375 0.0125732421875
0 0.468505859375 0.0765380859375 0.01129150390625 0.01061248779296875
0 0.259765625 0.1649169921875 0.00864410400390625 0.007965087890625
0 0.69140625 0.09039306640625 0.00885009765625 0.0095977783203125
0 0.76806640625 0.206298828125 0.1298828125 0.1175537109375
0 0.04638671875 0.931549072265625 0.08978271484375 0.13690185546875
0 0.9638671875 0.1077880859375 0.00971221923828125 0.00881195068359375
0 0.568359375 0.043853759765625 0.0097808837890625 0.00948333740234375
0 0.462158203125 0.157958984375 0.08050537109375 0.153564453125
0 0.16162109375 0.81640625 0.033721923828125 0.06683349609375
0 0.2122802734375 0.939453125 0.10015869140625 0.1094970703125
0 0.11260986328125 0.64111328125 0.017578125 0.0177764892578125
0 0.74072265625 0.01212310791015625 0.06231689453125 0.0242462158203125
0 0.3994140625 0.0809326171875 0.0225372314453125 0.0202178955078125
0 0.9697265625 0.303466796875 0.055816650390625 0.058013916015625
0 0.038909912109375 0.22265625 0.0108184814453125 0.01056671142578125
0 0.8232421875 0.02295684814453125 0.0863037109375 0.0459136962890625
0 0.4931640625 0.011962890625 0.070068359375 0.0211639404296875
0 0.08209228515625 0.015838623046875 0.0162811279296875 0.0186920166015625
0 0.2406005859375 0.166259765625 0.012237548828125 0.015899658203125
0 0.53125 0.10089111328125 0.024932861328125 0.019378662109375
0 0.32958984375 0.346435546875 0.0869140625 0.134521484375
0 0.044921875 0.8017578125 0.04351806640625 0.06866455078125
0 0.05865478515625 0.316162109375 0.01666259765625 0.0165252685546875
0 0.044677734375 0.0202484130859375 0.0106964111328125 0.0121002197265625
0 0.1346435546875 0.626953125 0.08990478515625 0.06768798828125
0 0.426513671875 0.465087890625 0.01229095458984375 0.026763916015625
0 0.07330322265625 0.720703125 0.056976318359375 0.05291748046875
0 0.5712890625 0.3505859375 0.056640625 0.058990478515625
0 0.86767578125 0.0740966796875 0.017852783203125 0.017578125
0 0.0280914306640625 0.5927734375 0.056182861328125 0.1153564453125
0 0.082275390625 0.360107421875 0.0209197998046875 0.0199432373046875
0 0.267578125 0.1976318359375 0.055419921875 0.10321044921875
0 0.9345703125 0.0615234375 0.040924072265625 0.03759765625
0 0.988067626953125 0.04620361328125 0.02386474609375 0.08880615234375
0 0.2437744140625 0.033721923828125 0.064208984375 0.06610107421875