0 0.498779296875 0.498046875 0.9833984375 0.986328125
0 0.123046875 0.086181640625 0.1947021484375 0.164794921875
0 0.732421875 0.4130859375 0.02532958984375 0.0240936279296875
0 0.64453125 0.2039794921875 0.33544921875 0.1949462890625
0 0.2274169921875 0.331298828125 0.23095703125 0.385009765625
0 0.23974609375 0.9619140625 0.158935546875 0.06829833984375
0 0.058990478515625 0.7216796875 0.11798095703125 0.3095703125
0 0.119384765625 0.37451171875 0.035736083984375 0.12042236328125
0 0.400634765625 0.87841796875 0.0709228515625 0.0836181640625
0 0.12188720703125 0.5830078125 0.0250396728515625 0.0283355712890625
0 0.041534423828125 0.1773681640625 0.0305023193359375 0.06744384765625