0 0.3134765625 0.2144775390625 0.0220794677734375 0.0190887451171875
0 0.4560546875 0.283935546875 0.0182952880859375 0.0164031982421875
0 0.49169921875 0.50634765625 0.9775390625 0.95947265625
0 0.0615234375 0.1470947265625 0.0173797607421875 0.01519012451171875
0 0.2034912109375 0.78125 0.015777587890625 0.0142822265625
0 0.132080078125 0.84326171875 0.01085662841796875 0.01490020751953125
0 0.22021484375 0.39404296875 0.018829345703125 0.0144500732421875
0 0.9306640625 0.1190185546875 0.1014404296875 0.07330322265625
0 0.09552001953125 0.170654296875 0.01812744140625 0.01519012451171875
0 0.37890625 0.32666015625 0.015716552734375 0.01406097412109375
0 0.90380859375 0.075439453125 0.00885009765625 0.008575439453125
0 0.87646484375 0.0333251953125 0.00937652587890625 0.00945281982421875
0 0.2105712890625 0.52783203125 0.251220703125 0.1798095703125
0 0.8037109375 0.09857177734375 0.0090179443359375 0.008575439453125
0 0.3623046875 0.118408203125 0.0150146484375 0.015777587890625
0 0.0150146484375 0.1260986328125 0.0190582275390625 0.015777587890625
0 0.01953125 0.29541015625 0.01358795166015625 0.01287078857421875
0 0.51171875 0.17041015625 0.2548828125 0.23193359375
0 0.0792236328125 0.92041015625 0.158447265625 0.1563720703125
0 0.6904296875 0.03424072265625 0.1026611328125 0.0472412109375
0 0.29052734375 0.89208984375 0.0360107421875 0.028594970703125
0 0.02532958984375 0.869140625 0.0164031982421875 0.017303466796875
0 0.52685546875 0.019866943359375 0.0755615234375 0.0386962890625
0 0.84375 0.009674072265625 0.0838623046875 0.018157958984375
0 0.0173797607421875 0.489501953125 0.0325927734375 0.153076171875
0 0.9815216064453125 0.27197265625 0.036956787109375 0.1656494140625
0 0.61474609375 0.01450347900390625 0.03125 0.0284423828125
0 0.012237548828125 0.8349609375 0.01837158203125 0.021087646484375
0 0.336181640625 0.9953269958496094 0.0850830078125 0.00934600830078125
0 0.11456298828125 0.18798828125 0.1873779296875 0.09893798828125