0 0.71142578125 0.1500244140625 0.0116424560546875 0.011871337890625
0 0.84326171875 0.182861328125 0.008575439453125 0.00945281982421875
0 0.50048828125 0.496337890625 0.984375 0.98583984375
0 0.7919921875 0.46337890625 0.0116424560546875 0.011688232421875
0 0.0738525390625 0.1697998046875 0.0127716064453125 0.0112457275390625
0 0.05633544921875 0.1402587890625 0.0112457275390625 0.01146697998046875
0 0.038330078125 0.11859130859375 0.0119171142578125 0.01111602783203125
0 0.47265625 0.043121337890625 0.00955963134765625 0.01129150390625
0 0.381103515625 0.3935546875 0.0102081298828125 0.011505126953125
0 0.1961669921875 0.71875 0.0141143798828125 0.012969970703125
0 0.2191162109375 0.68359375 0.0169219970703125 0.0196075439453125
0 0.57275390625 0.1163330078125 0.01554107666015625 0.0190582275390625
0 0.9794464111328125 0.015716552734375 0.041107177734375 0.029876708984375
0 0.34423828125 0.051361083984375 0.0867919921875 0.1019287109375
0 0.58154296875 0.3564453125 0.1859130859375 0.08465576171875
0 0.2191162109375 0.1602783203125 0.10247802734375 0.30859375
0 0.216064453125 0.976287841796875 0.10107421875 0.04742431640625
0 0.783203125 0.34228515625 0.1429443359375 0.06634521484375
0 0.05224609375 0.266357421875 0.08331298828125 0.338134765625
0 0.07965087890625 0.88427734375 0.012237548828125 0.016021728515625
0 0.72509765625 0.1591796875 0.09857177734375 0.06829833984375
0 0.51953125 0.0364990234375 0.038116455078125 0.0582275390625
0 0.8515625 0.10302734375 0.08990478515625 0.04779052734375
0 0.7138671875 0.281005859375 0.0457763671875 0.06231689453125
0 0.64453125 0.0207672119140625 0.02069091796875 0.020721435546875
0 0.6337890625 0.23388671875 0.0271759033203125 0.0261993408203125
0 0.083740234375 0.046539306640625 0.1602783203125 0.092529296875
0 0.95263671875 0.0740966796875 0.0163421630859375 0.0207672119140625
0 0.25 0.841796875 0.045013427734375 0.12744140625
0 0.92919921875 0.25634765625 0.015899658203125 0.0154266357421875
0 0.693359375 0.01666259765625 0.056976318359375 0.031494140625
0 0.34423828125 0.89404296875 0.10174560546875 0.1378173828125
0 0.1737060546875 0.6591796875 0.01467132568359375 0.023651123046875
0 0.87060546875 0.447021484375 0.237548828125 0.0246124267578125
0 0.0863037109375 0.85693359375 0.01085662841796875 0.0161590576171875
0 0.146484375 0.92822265625 0.01142120361328125 0.01525115966796875
0 0.020294189453125 0.564453125 0.0289764404296875 0.1048583984375
0 0.953125 0.2073974609375 0.05291748046875 0.0313720703125
0 0.57568359375 0.02208709716796875 0.0537109375 0.0441741943359375
0 0.9926605224609375 0.326904296875 0.014678955078125 0.0526123046875