0 0.5029296875 0.50439453125 0.97412109375 0.9736328125
0 0.28369140625 0.544921875 0.017181396484375 0.0199432373046875
0 0.2144775390625 0.68701171875 0.0185394287109375 0.0239105224609375
0 0.6201171875 0.2119140625 0.01094818115234375 0.0129241943359375
0 0.88330078125 0.1453857421875 0.00891876220703125 0.01142120361328125
0 0.32666015625 0.62255859375 0.0129241943359375 0.0170440673828125
0 0.147216796875 0.93994140625 0.01495361328125 0.0190582275390625
0 0.810546875 0.11065673828125 0.01049041748046875 0.01332855224609375
0 0.7978515625 0.1561279296875 0.0169830322265625 0.0188751220703125
0 0.39404296875 0.78173828125 0.0142822265625 0.019195556640625
0 0.1715087890625 0.90673828125 0.0135345458984375 0.017303466796875
0 0.7626953125 0.08038330078125 0.009857177734375 0.01142120361328125
0 0.34716796875 0.415283203125 0.2841796875 0.04376220703125
0 0.759765625 0.163818359375 0.0102081298828125 0.01214599609375
0 0.75341796875 0.0184326171875 0.01433563232421875 0.01422882080078125
0 0.439697265625 0.10125732421875 0.1591796875 0.1246337890625
0 0.77685546875 0.1563720703125 0.01016998291015625 0.011871337890625
0 0.1187744140625 0.640625 0.0164642333984375 0.017181396484375
0 0.0330810546875 0.1240234375 0.00919342041015625 0.01111602783203125
0 0.23681640625 0.148681640625 0.043853759765625 0.03277587890625
0 0.1259765625 0.98486328125 0.015899658203125 0.0217742919921875
0 0.1224365234375 0.06817626953125 0.0794677734375 0.1048583984375
0 0.91943359375 0.09027099609375 0.1607666015625 0.1519775390625
0 0.88671875 0.329345703125 0.01116180419921875 0.016021728515625
0 0.6298828125 0.020172119140625 0.035064697265625 0.036895751953125
0 0.6708984375 0.02423095703125 0.03875732421875 0.04486083984375
0 0.09637451171875 0.1981201171875 0.007755279541015625 0.01214599609375
0 0.7890625 0.019195556640625 0.1519775390625 0.03179931640625
0 0.0322265625 0.3193359375 0.053009033203125 0.11260986328125
0 0.009059906005859375 0.15869140625 0.01811981201171875 0.08709716796875
0 0.953125 0.34619140625 0.01009368896484375 0.0222015380859375
0 0.982421875 0.317626953125 0.03448486328125 0.06719970703125
0 0.9833984375 0.432861328125 0.02056884765625 0.01763916015625
0 0.274658203125 0.0230255126953125 0.1422119140625 0.042388916015625
0 0.548828125 0.0142822265625 0.017852783203125 0.024749755859375
0 0.058990478515625 0.01519012451171875 0.1087646484375 0.0284881591796875