0 0.5048828125 0.499755859375 0.9638671875 0.98291015625
0 0.51171875 0.06781005859375 0.01238250732421875 0.0142822265625
0 0.307861328125 0.52490234375 0.0141143798828125 0.0147857666015625
0 0.5947265625 0.392333984375 0.00930023193359375 0.01262664794921875
0 0.1815185546875 0.2100830078125 0.0125732421875 0.011871337890625
0 0.71044921875 0.035736083984375 0.26123046875 0.06488037109375
0 0.697265625 0.10595703125 0.01036834716796875 0.01009368896484375
0 0.058563232421875 0.2822265625 0.010009765625 0.00926971435546875
0 0.91064453125 0.126220703125 0.134765625 0.04510498046875
0 0.10797119140625 0.5185546875 0.154541015625 0.12359619140625
0 0.08209228515625 0.2337646484375 0.15869140625 0.153564453125
0 0.341796875 0.2578125 0.2315673828125 0.054412841796875
0 0.3505859375 0.02288818359375 0.2137451171875 0.0391845703125
0 0.1407470703125 0.67919921875 0.1953125 0.206298828125
0 0.67529296875 0.1553955078125 0.186279296875 0.26123046875
0 0.04266357421875 0.79052734375 0.0853271484375 0.11065673828125
0 0.90185546875 0.490478515625 0.0074310302734375 0.007289886474609375
0 0.0994873046875 0.02947998046875 0.154296875 0.05389404296875
0 0.352294921875 0.9962615966796875 0.0169219970703125 0.007476806640625
0 0.3369140625 0.87548828125 0.1483154296875 0.049224853515625
0 0.97735595703125 0.413818359375 0.0452880859375 0.059417724609375
0 0.1510009765625 0.93505859375 0.159423828125 0.1260986328125
0 0.04510498046875 0.32861328125 0.01229095458984375 0.00981903076171875
0 0.492431640625 0.453125 0.017242431640625 0.017242431640625
0 0.992218017578125 0.2381591796875 0.01556396484375 0.08929443359375
0 0.036224365234375 0.9501953125 0.0709228515625 0.0994873046875
0 0.0227203369140625 0.418701171875 0.04376220703125 0.1798095703125
0 0.120361328125 0.0855712890625 0.061431884765625 0.0271148681640625
0 0.35498046875 0.74169921875 0.04107666015625 0.03656005859375