0 0.494140625 0.483154296875 0.96337890625 0.94287109375
0 0.091064453125 0.52783203125 0.1639404296875 0.2264404296875
0 0.74658203125 0.07666015625 0.21337890625 0.132568359375
0 0.272216796875 0.276123046875 0.1444091796875 0.32275390625
0 0.428955078125 0.274658203125 0.060211181640625 0.383544921875
0 0.0509033203125 0.1981201171875 0.01812744140625 0.01302337646484375
0 0.1353759765625 0.912109375 0.260986328125 0.1727294921875
0 0.54345703125 0.1258544921875 0.10760498046875 0.187744140625
0 0.92919921875 0.29296875 0.033966064453125 0.034088134765625
0 0.7724609375 0.353759765625 0.053497314453125 0.0301055908203125
0 0.08154296875 0.1431884765625 0.1591796875 0.28076171875
0 0.135986328125 0.83251953125 0.021240234375 0.0203399658203125
0 0.96435546875 0.1019287109375 0.06756591796875 0.16748046875
0 0.021240234375 0.76806640625 0.04168701171875 0.1087646484375
0 0.0278472900390625 0.7529296875 0.0129241943359375 0.011688232421875
0 0.1708984375 0.78466796875 0.0087432861328125 0.00937652587890625