0 0.495361328125 0.497802734375 0.9873046875 0.986328125
0 0.93798828125 0.45361328125 0.0070648193359375 0.00821685791015625
0 0.261474609375 0.81982421875 0.007289886474609375 0.00847625732421875
0 0.059417724609375 0.6826171875 0.00806427001953125 0.00948333740234375
0 0.339599609375 0.23583984375 0.01332855224609375 0.011962890625
0 0.869140625 0.47705078125 0.01107025146484375 0.0110321044921875
0 0.389404296875 0.220703125 0.0127716064453125 0.014007568359375
0 0.53466796875 0.146484375 0.0154266357421875 0.01433563232421875
0 0.06744384765625 0.6162109375 0.01132965087890625 0.01214599609375
0 0.277587890625 0.611328125 0.00864410400390625 0.01214599609375
0 0.302001953125 0.11968994140625 0.0141754150390625 0.0154876708984375
0 0.86376953125 0.326904296875 0.2432861328125 0.058349609375
0 0.0574951171875 0.24853515625 0.0089874267578125 0.010986328125
0 0.161376953125 0.1689453125 0.01267242431640625 0.015960693359375
0 0.548828125 0.3896484375 0.07330322265625 0.07489013671875
0 0.2337646484375 0.1851806640625 0.014556884765625 0.02001953125
0 0.76318359375 0.134765625 0.183837890625 0.11083984375
0 0.06671142578125 0.72119140625 0.120849609375 0.020721435546875
0 0.36669921875 0.1026611328125 0.020843505859375 0.0252227783203125
0 0.263671875 0.8564453125 0.01146697998046875 0.0150146484375
0 0.669921875 0.2958984375 0.038909912109375 0.04510498046875
0 0.09234619140625 0.78466796875 0.169189453125 0.0266571044921875
0 0.73681640625 0.2509765625 0.0235137939453125 0.0323486328125
0 0.9541015625 0.078369140625 0.01132965087890625 0.0153656005859375
0 0.3046875 0.27001953125 0.01024627685546875 0.01525115966796875
0 0.323486328125 0.17236328125 0.0258026123046875 0.0328369140625
0 0.359130859375 0.294921875 0.164306640625 0.16748046875
0 0.437255859375 0.01763916015625 0.0272216796875 0.0235137939453125
0 0.1683349609375 0.365234375 0.1566162109375 0.055419921875
0 0.0867919921875 0.94384765625 0.1573486328125 0.09722900390625
0 0.45654296875 0.68505859375 0.033660888671875 0.10540771484375
0 0.261962890625 0.13623046875 0.0265045166015625 0.03948974609375
0 0.2130126953125 0.0333251953125 0.1727294921875 0.061981201171875
0 0.264892578125 0.2109375 0.03302001953125 0.0546875
0 0.19482421875 0.22607421875 0.0210113525390625 0.036834716796875
0 0.31005859375 0.9840240478515625 0.049224853515625 0.031951904296875