0 0.494384765625 0.50048828125 0.96728515625 0.97314453125
0 0.45947265625 0.0751953125 0.019989013671875 0.021820068359375
0 0.67578125 0.300537109375 0.0211181640625 0.023101806640625
0 0.60107421875 0.1614990234375 0.0209197998046875 0.0224609375
0 0.6240234375 0.362060546875 0.107421875 0.0982666015625
0 0.6630859375 0.278564453125 0.017852783203125 0.0210113525390625
0 0.68603515625 0.1842041015625 0.020599365234375 0.0200653076171875
0 0.1656494140625 0.52734375 0.263916015625 0.202392578125
0 0.335205078125 0.257568359375 0.033599853515625 0.032958984375
0 0.73486328125 0.27587890625 0.0282135009765625 0.0232391357421875
0 0.81787109375 0.345458984375 0.03155517578125 0.0310821533203125
0 0.033843994140625 0.65234375 0.0196380615234375 0.0218658447265625
0 0.1805419921875 0.260498046875 0.046295166015625 0.0472412109375
0 0.1292724609375 0.85498046875 0.0169830322265625 0.020599365234375
0 0.06500244140625 0.3623046875 0.02508544921875 0.024932861328125
0 0.2509765625 0.27880859375 0.0390625 0.0257568359375
0 0.89697265625 0.09771728515625 0.02215576171875 0.021820068359375
0 0.01554107666015625 0.5830078125 0.01678466796875 0.0203704833984375
0 0.43212890625 0.8955078125 0.021575927734375 0.0239105224609375
0 0.75439453125 0.2509765625 0.0229339599609375 0.02484130859375
0 0.274658203125 0.313232421875 0.0266571044921875 0.0240936279296875
0 0.28173828125 0.73095703125 0.05291748046875 0.03131103515625
0 0.412109375 0.21484375 0.03582763671875 0.0401611328125
0 0.95263671875 0.09844970703125 0.024139404296875 0.02655029296875
0 0.010986328125 0.5341796875 0.0162811279296875 0.02044677734375
0 0.449951171875 0.0257110595703125 0.0301513671875 0.02947998046875
0 0.17431640625 0.74169921875 0.018829345703125 0.0210418701171875
0 0.46484375 0.9375 0.0215301513671875 0.0251312255859375
0 0.0391845703125 0.2105712890625 0.0272216796875 0.0214080810546875
0 0.312255859375 0.95703125 0.0234222412109375 0.0230712890625
0 0.0293731689453125 0.4892578125 0.0227203369140625 0.019989013671875
0 0.258056640625 0.9580078125 0.0181884765625 0.020599365234375
0 0.0334320068359375 0.2548828125 0.066864013671875 0.0457763671875