0 0.52001953125 0.493896484375 0.9462890625 0.9853515625
0 0.703125 0.06439208984375 0.07501220703125 0.11376953125
0 0.1484375 0.70703125 0.042724609375 0.03326416015625
0 0.357666015625 0.87890625 0.0070953369140625 0.009124755859375
0 0.57470703125 0.3193359375 0.384033203125 0.1143798828125
0 0.92132568359375 0.053985595703125 0.1573486328125 0.1055908203125
0 0.089599609375 0.371826171875 0.00948333740234375 0.0121917724609375
0 0.7060546875 0.228271484375 0.0119171142578125 0.0153045654296875
0 0.060302734375 0.83837890625 0.11279296875 0.058990478515625
0 0.1181640625 0.5908203125 0.043701171875 0.035064697265625
0 0.98486328125 0.239013671875 0.006931304931640625 0.014617919921875
0 0.2418212890625 0.418701171875 0.269775390625 0.11297607421875
0 0.06439208984375 0.92236328125 0.12127685546875 0.047882080078125
0 0.09515380859375 0.77783203125 0.0306243896484375 0.02532958984375
0 0.469970703125 0.830078125 0.01229095458984375 0.01395416259765625
0 0.998016357421875 0.268798828125 0.00396728515625 0.0156707763671875
0 0.18798828125 0.7890625 0.125244140625 0.07891845703125
0 0.2083740234375 0.11395263671875 0.23095703125 0.1083984375
0 0.2069091796875 0.57373046875 0.1705322265625 0.07666015625
0 0.05511474609375 0.64453125 0.10504150390625 0.0207977294921875
0 0.276611328125 0.93701171875 0.229248046875 0.10992431640625
0 0.2171630859375 0.038330078125 0.19189453125 0.06866455078125
0 0.10321044921875 0.3740234375 0.0284881591796875 0.093505859375