0 0.50927734375 0.29931640625 0.040008544921875 0.2421875
0 0.62939453125 0.368408203125 0.6494140625 0.64990234375
0 0.38525390625 0.70556640625 0.0482177734375 0.0303802490234375
0 0.767578125 0.136962890625 0.1500244140625 0.17919921875
0 0.625 0.1475830078125 0.08660888671875 0.126953125
0 0.445556640625 0.625 0.1214599609375 0.0635986328125
0 0.93701171875 0.1351318359375 0.02001953125 0.0289764404296875
0 0.7646484375 0.04193115234375 0.06231689453125 0.042388916015625
0 0.3037109375 0.60400390625 0.07452392578125 0.1175537109375
0 0.240966796875 0.6865234375 0.0509033203125 0.0894775390625
0 0.6025390625 0.1414794921875 0.0115509033203125 0.019195556640625
0 0.3818359375 0.5322265625 0.049407958984375 0.09600830078125
0 0.44189453125 0.278564453125 0.04248046875 0.1014404296875
0 0.395263671875 0.39599609375 0.03985595703125 0.06396484375
0 0.10107421875 0.88623046875 0.04779052734375 0.05560302734375
0 0.2469482421875 0.78466796875 0.07574462890625 0.07611083984375