0 0.5029296875 0.118408203125 0.1026611328125 0.05499267578125
0 0.54638671875 0.2198486328125 0.10467529296875 0.183349609375
0 0.958984375 0.2880859375 0.020843505859375 0.03192138671875
0 0.359130859375 0.61865234375 0.012481689453125 0.01078033447265625
0 0.196044921875 0.5732421875 0.010650634765625 0.007843017578125
0 0.67236328125 0.367431640625 0.01137542724609375 0.0127716064453125
0 0.3193359375 0.370361328125 0.1661376953125 0.1304931640625
0 0.5732421875 0.55908203125 0.01233673095703125 0.011688232421875
0 0.447509765625 0.138427734375 0.05023193359375 0.061309814453125
0 0.2181396484375 0.142822265625 0.060638427734375 0.0401611328125
0 0.60595703125 0.1331787109375 0.027435302734375 0.047698974609375
0 0.319580078125 0.265380859375 0.0889892578125 0.091552734375
0 0.8193359375 0.457275390625 0.0103302001953125 0.009674072265625
0 0.6298828125 0.59912109375 0.300048828125 0.7880859375
0 0.3125 0.119384765625 0.0850830078125 0.047698974609375
0 0.5546875 0.5810546875 0.009857177734375 0.011505126953125
0 0.783203125 0.18994140625 0.0765380859375 0.08770751953125
0 0.07464599609375 0.353515625 0.05718994140625 0.06964111328125
0 0.12432861328125 0.4443359375 0.03704833984375 0.0299224853515625
0 0.236572265625 0.44677734375 0.0633544921875 0.02069091796875
0 0.378662109375 0.22021484375 0.0207977294921875 0.024658203125
0 0.378662109375 0.6591796875 0.042083740234375 0.0300445556640625
0 0.277587890625 0.53369140625 0.0244293212890625 0.0153656005859375
0 0.1463623046875 0.343017578125 0.134033203125 0.06231689453125
0 0.8681640625 0.425048828125 0.06915283203125 0.03155517578125
0 0.70068359375 0.136962890625 0.102294921875 0.040924072265625
0 0.336669921875 0.1859130859375 0.0235595703125 0.030853271484375
0 0.1494140625 0.1981201171875 0.05780029296875 0.06256103515625
0 0.44580078125 0.62646484375 0.0143890380859375 0.0125732421875
0 0.83447265625 0.493896484375 0.017913818359375 0.01751708984375
0 0.732421875 0.384033203125 0.1309814453125 0.06903076171875
0 0.28271484375 0.599609375 0.024383544921875 0.0187225341796875
0 0.68017578125 0.521484375 0.01358795166015625 0.0161590576171875
0 0.8427734375 0.343994140625 0.018157958984375 0.0141754150390625
0 0.94482421875 0.366455078125 0.035552978515625 0.0567626953125
0 0.1619873046875 0.45166015625 0.06982421875 0.030731201171875
0 0.91259765625 0.321044921875 0.053985595703125 0.0234222412109375
0 0.66259765625 0.30419921875 0.0322265625 0.02886962890625