0 0.498779296875 0.49755859375 0.986328125 0.98291015625
0 0.2393798828125 0.31201171875 0.01322174072265625 0.01395416259765625
0 0.198974609375 0.2054443359375 0.01395416259765625 0.01363372802734375
0 0.607421875 0.47998046875 0.0089874267578125 0.01107025146484375
0 0.2198486328125 0.434814453125 0.00800323486328125 0.00948333740234375
0 0.6826171875 0.377685546875 0.0074310302734375 0.007965087890625
0 0.93994140625 0.12213134765625 0.0090179443359375 0.00989532470703125
0 0.80078125 0.1651611328125 0.08740234375 0.12890625
0 0.86767578125 0.04986572265625 0.00955963134765625 0.00885009765625
0 0.2406005859375 0.6005859375 0.01009368896484375 0.010650634765625
0 0.075439453125 0.25732421875 0.019683837890625 0.0164031982421875
0 0.7978515625 0.118408203125 0.0303802490234375 0.0390625
0 0.12420654296875 0.55908203125 0.01666259765625 0.011688232421875
0 0.06964111328125 0.1705322265625 0.0144500732421875 0.016021728515625
0 0.06982421875 0.880859375 0.1312255859375 0.05419921875
0 0.314453125 0.0258636474609375 0.015899658203125 0.011871337890625
0 0.59326171875 0.33154296875 0.07965087890625 0.053497314453125
0 0.456787109375 0.310791015625 0.039276123046875 0.0401611328125
0 0.0416259765625 0.2098388671875 0.012237548828125 0.0125274658203125
0 0.9072265625 0.289794921875 0.00989532470703125 0.0104522705078125
0 0.97314453125 0.286865234375 0.046539306640625 0.1329345703125
0 0.236572265625 0.32958984375 0.040008544921875 0.0496826171875
0 0.404052734375 0.10797119140625 0.10394287109375 0.1865234375
0 0.46435546875 0.487548828125 0.033905029296875 0.0287017822265625
0 0.433837890625 0.01751708984375 0.075439453125 0.034088134765625
0 0.93896484375 0.1942138671875 0.01111602783203125 0.010650634765625
0 0.67041015625 0.447509765625 0.041534423828125 0.034942626953125
0 0.47705078125 0.39599609375 0.09588623046875 0.07794189453125
0 0.2362060546875 0.134521484375 0.1329345703125 0.1566162109375
0 0.2548828125 0.63232421875 0.169189453125 0.1260986328125
0 0.426513671875 0.537109375 0.0263519287109375 0.045013427734375
0 0.03424072265625 0.1717529296875 0.009857177734375 0.009857177734375
0 0.396240234375 0.76611328125 0.053009033203125 0.04296875
0 0.1636962890625 0.59130859375 0.06451416015625 0.04296875
0 0.035491943359375 0.083740234375 0.0294189453125 0.03277587890625
0 0.2178955078125 0.017242431640625 0.015777587890625 0.01322174072265625
0 0.515625 0.02481842041015625 0.10577392578125 0.0496368408203125
0 0.6953125 0.02962493896484375 0.051666259765625 0.0592498779296875
0 0.1217041015625 0.9365234375 0.02044677734375 0.01898193359375