0 0.54833984375 0.353515625 0.007785797119140625 0.0083160400390625
0 0.50146484375 0.5009765625 0.970703125 0.96826171875
0 0.25927734375 0.619140625 0.01898193359375 0.0182647705078125
0 0.5302734375 0.08770751953125 0.007518768310546875 0.00908660888671875
0 0.482666015625 0.8154296875 0.007373809814453125 0.00926971435546875
0 0.1939697265625 0.8056640625 0.012725830078125 0.01238250732421875
0 0.2020263671875 0.220458984375 0.0100555419921875 0.01302337646484375
0 0.092529296875 0.69287109375 0.0094146728515625 0.01061248779296875
0 0.26953125 0.41748046875 0.016021728515625 0.0177154541015625
0 0.468505859375 0.98291015625 0.00955963134765625 0.010650634765625
0 0.06243896484375 0.9384765625 0.00818634033203125 0.00891876220703125
0 0.1669921875 0.30810546875 0.007549285888671875 0.010009765625
0 0.296142578125 0.265380859375 0.020721435546875 0.052703857421875
0 0.916015625 0.135009765625 0.0094146728515625 0.02838134765625
0 0.0220794677734375 0.8291015625 0.0135345458984375 0.0125732421875
0 0.2437744140625 0.128662109375 0.0202484130859375 0.0194244384765625
0 0.241455078125 0.8974609375 0.0154266357421875 0.0181884765625
0 0.3330078125 0.8427734375 0.02215576171875 0.0222930908203125
0 0.04876708984375 0.0699462890625 0.0162811279296875 0.014007568359375
0 0.35302734375 0.1282958984375 0.00955963134765625 0.01078033447265625
0 0.447998046875 0.179931640625 0.012725830078125 0.01358795166015625
0 0.07806396484375 0.06561279296875 0.154296875 0.1263427734375
0 0.1209716796875 0.83740234375 0.017181396484375 0.0194549560546875
0 0.58056640625 0.157958984375 0.230224609375 0.281005859375
0 0.061767578125 0.044189453125 0.09967041015625 0.0160980224609375
0 0.4560546875 0.78662109375 0.0257568359375 0.03271484375
0 0.28955078125 0.039276123046875 0.10931396484375 0.048492431640625
0 0.5478515625 0.18701171875 0.0189056396484375 0.07989501953125
0 0.400146484375 0.270263671875 0.02691650390625 0.0271148681640625
0 0.271728515625 0.5625 0.06512451171875 0.054901123046875
0 0.7587890625 0.469482421875 0.0256195068359375 0.023651123046875
0 0.5078125 0.0229339599609375 0.0894775390625 0.040985107421875
0 0.278076171875 0.9708709716796875 0.0215301513671875 0.058258056640625
0 0.8916015625 0.1859130859375 0.1844482421875 0.06951904296875
0 0.62646484375 0.0266571044921875 0.11981201171875 0.047607421875
0 0.021942138671875 0.2117919921875 0.0242767333984375 0.1473388671875
0 0.0204925537109375 0.62353515625 0.04052734375 0.060302734375
0 0.02056884765625 0.5498046875 0.03460693359375 0.0294189453125
0 0.12646484375 0.861328125 0.051666259765625 0.061187744140625
0 0.073974609375 0.88232421875 0.039947509765625 0.04876708984375
0 0.83447265625 0.0276947021484375 0.2156982421875 0.047088623046875
0 0.2225341796875 0.01560211181640625 0.06951904296875 0.0165863037109375
0 0.07598876953125 0.9466094970703125 0.1456298828125 0.106781005859375
0 0.319091796875 0.9423828125 0.041473388671875 0.03607177734375
0 0.9364013671875 0.305419921875 0.127197265625 0.186279296875
0 0.223876953125 0.96044921875 0.0304412841796875 0.07763671875