0 0.49853515625 0.51708984375 0.96337890625 0.8232421875
0 0.94189453125 0.3876953125 0.011871337890625 0.0110321044921875
0 0.69970703125 0.36181640625 0.00989532470703125 0.0087432861328125
0 0.71337890625 0.04083251953125 0.01560211181640625 0.01554107666015625
0 0.83349609375 0.440185546875 0.0115509033203125 0.008880615234375
0 0.425048828125 0.3955078125 0.007488250732421875 0.00815582275390625
0 0.49609375 0.11981201171875 0.00974273681640625 0.00908660888671875
0 0.70556640625 0.327880859375 0.0154266357421875 0.0162811279296875
0 0.7216796875 0.017852783203125 0.01111602783203125 0.0139007568359375
0 0.440673828125 0.927734375 0.01146697998046875 0.010009765625
0 0.292724609375 0.80322265625 0.0225830078125 0.017242431640625
0 0.2470703125 0.038238525390625 0.01763916015625 0.014007568359375
0 0.63916015625 0.1802978515625 0.0182342529296875 0.0199127197265625
0 0.337646484375 0.2493896484375 0.01214599609375 0.0100555419921875
0 0.46923828125 0.368408203125 0.0272674560546875 0.0316162109375
0 0.1728515625 0.4619140625 0.1702880859375 0.1485595703125
0 0.160888671875 0.08135986328125 0.1973876953125 0.1505126953125
0 0.5205078125 0.26806640625 0.026458740234375 0.0268096923828125
0 0.64599609375 0.027069091796875 0.01142120361328125 0.0241851806640625
0 0.149658203125 0.87744140625 0.01287078857421875 0.01267242431640625
0 0.73291015625 0.07421875 0.376708984375 0.1480712890625
0 0.368896484375 0.08270263671875 0.08587646484375 0.05975341796875
0 0.402587890625 0.32666015625 0.0217437744140625 0.0225067138671875
0 0.955078125 0.37744140625 0.049224853515625 0.048675537109375
0 0.91796875 0.29150390625 0.0161590576171875 0.0121002197265625
0 0.0180511474609375 0.91748046875 0.0333251953125 0.11029052734375
0 0.2171630859375 0.7509765625 0.045196533203125 0.02423095703125
0 0.0386962890625 0.132568359375 0.03607177734375 0.1087646484375
0 0.413330078125 0.42724609375 0.0141754150390625 0.0127716064453125
0 0.062103271484375 0.70166015625 0.0231475830078125 0.0142822265625
0 0.0810546875 0.8984375 0.127685546875 0.0965576171875
0 0.423828125 0.73779296875 0.07122802734375 0.07684326171875
0 0.4404296875 0.68505859375 0.0312042236328125 0.0301513671875
0 0.83837890625 0.043365478515625 0.023101806640625 0.019500732421875
0 0.46337890625 0.93701171875 0.011962890625 0.01111602783203125
0 0.040679931640625 0.282958984375 0.06939697265625 0.049774169921875
0 0.017242431640625 0.470703125 0.033782958984375 0.0999755859375
0 0.271484375 0.962890625 0.04083251953125 0.06439208984375
0 0.9833984375 0.240966796875 0.0289764404296875 0.08154296875
0 0.057281494140625 0.8037109375 0.03326416015625 0.053192138671875