0 0.405517578125 0.50244140625 0.77294921875 0.865234375
0 0.10595703125 0.4853515625 0.140625 0.1015625
0 0.155029296875 0.172607421875 0.1312255859375 0.09857177734375
0 0.259033203125 0.278564453125 0.21533203125 0.1417236328125
0 0.319091796875 0.0830078125 0.2091064453125 0.106689453125
0 0.1417236328125 0.623046875 0.12249755859375 0.03277587890625
0 0.1937255859375 0.6796875 0.2015380859375 0.07196044921875
0 0.04486083984375 0.57275390625 0.057373046875 0.09967041015625
0 0.31103515625 0.46484375 0.08929443359375 0.06683349609375
0 0.295166015625 0.8115234375 0.06524658203125 0.06439208984375
0 0.2161865234375 0.8212890625 0.0254669189453125 0.0223236083984375
0 0.14892578125 0.75 0.023284912109375 0.05126953125
0 0.252685546875 0.76318359375 0.0310821533203125 0.042877197265625
0 0.27978515625 0.484375 0.0144500732421875 0.0262603759765625