0 0.49267578125 0.49365234375 0.9521484375 0.93310546875
0 0.3359375 0.036163330078125 0.0165863037109375 0.06878662109375
0 0.3037109375 0.56005859375 0.175537109375 0.423583984375
0 0.73681640625 0.1749267578125 0.12249755859375 0.135498046875
0 0.480224609375 0.0305633544921875 0.2264404296875 0.0548095703125
0 0.97021484375 0.440673828125 0.0301513671875 0.034759521484375
0 0.1453857421875 0.3359375 0.0276947021484375 0.03338623046875
0 0.1026611328125 0.401123046875 0.13134765625 0.1661376953125
0 0.84521484375 0.04949951171875 0.30078125 0.0938720703125
0 0.787109375 0.11737060546875 0.04248046875 0.03790283203125
0 0.826171875 0.369873046875 0.1444091796875 0.06463623046875
0 0.39599609375 0.12115478515625 0.0293731689453125 0.035552978515625
0 0.1175537109375 0.07366943359375 0.0582275390625 0.1473388671875
0 0.09503173828125 0.64013671875 0.1806640625 0.20654296875
0 0.184814453125 0.219970703125 0.03582763671875 0.052703857421875
0 0.09844970703125 0.255615234375 0.03424072265625 0.037384033203125
0 0.228271484375 0.16943359375 0.01512908935546875 0.0154876708984375
0 0.2313232421875 0.190673828125 0.053009033203125 0.04595947265625
0 0.03326416015625 0.36767578125 0.05792236328125 0.0970458984375
0 0.0256195068359375 0.56640625 0.046478271484375 0.369384765625
0 0.422119140625 0.9971675872802734 0.010650634765625 0.005664825439453125
0 0.51611328125 0.10211181640625 0.057708740234375 0.093994140625
0 0.97412109375 0.291259765625 0.047698974609375 0.1033935546875
0 0.95556640625 0.2451171875 0.0230712890625 0.0193023681640625
0 0.994720458984375 0.26904296875 0.01055908203125 0.020294189453125
0 0.21240234375 0.05072021484375 0.05450439453125 0.033721923828125
0 0.9962177276611328 0.223876953125 0.007564544677734375 0.01395416259765625