0 0.462158203125 0.4583740234375 0.92431640625 0.916748046875
0 0.05633544921875 0.4853515625 0.10467529296875 0.167724609375
0 0.439697265625 0.242431640625 0.3291015625 0.1309814453125
0 0.673828125 0.1483154296875 0.04168701171875 0.0574951171875
0 0.787109375 0.1781005859375 0.0285491943359375 0.027069091796875
0 0.163818359375 0.48876953125 0.04327392578125 0.28662109375
0 0.8603515625 0.423095703125 0.132568359375 0.0330810546875
0 0.830078125 0.304443359375 0.0535888671875 0.04107666015625
0 0.217529296875 0.62353515625 0.17919921875 0.277099609375
0 0.08465576171875 0.1834716796875 0.033599853515625 0.0254669189453125
0 0.41845703125 0.058990478515625 0.0265045166015625 0.01507568359375
0 0.337890625 0.0279083251953125 0.0278472900390625 0.0203399658203125
0 0.200927734375 0.017242431640625 0.05108642578125 0.03192138671875
0 0.2371826171875 0.1517333984375 0.07891845703125 0.08758544921875
0 0.33984375 0.0135345458984375 0.0184783935546875 0.01302337646484375
0 0.250244140625 0.35205078125 0.08477783203125 0.2197265625
0 0.3974609375 0.78515625 0.054595947265625 0.06671142578125