0 0.5185546875 0.4990234375 0.9150390625 0.94091796875
0 0.12261962890625 0.2264404296875 0.239013671875 0.452880859375
0 0.1044921875 0.0227203369140625 0.00757598876953125 0.008880615234375
0 0.488525390625 0.3486328125 0.0160980224609375 0.01116180419921875
0 0.79345703125 0.310791015625 0.01812744140625 0.0173797607421875
0 0.45654296875 0.10723876953125 0.018096923828125 0.013427734375
0 0.400146484375 0.393798828125 0.0090179443359375 0.0106964111328125
0 0.80224609375 0.05419921875 0.023193359375 0.1041259765625
0 0.8662109375 0.322265625 0.203125 0.1533203125
0 0.317138671875 0.89013671875 0.15283203125 0.034881591796875
0 0.93994140625 0.095489501953125 0.077392578125 0.19097900390625
0 0.5068359375 0.316650390625 0.014617919921875 0.0101318359375
0 0.034698486328125 0.114990234375 0.01467132568359375 0.0136871337890625
0 0.1719970703125 0.0706787109375 0.12420654296875 0.13916015625
0 0.484130859375 0.369140625 0.0163421630859375 0.01525115966796875
0 0.4970703125 0.277587890625 0.01512908935546875 0.0196075439453125
0 0.07666015625 0.70556640625 0.00847625732421875 0.009674072265625
0 0.059539794921875 0.10614013671875 0.0083465576171875 0.00878143310546875
0 0.404541015625 0.55615234375 0.049774169921875 0.036712646484375
0 0.70263671875 0.28515625 0.11279296875 0.0196380615234375
0 0.44384765625 0.401123046875 0.0095977783203125 0.0169830322265625
0 0.70263671875 0.1121826171875 0.0219879150390625 0.01262664794921875
0 0.1654052734375 0.69677734375 0.08416748046875 0.049407958984375
0 0.9873046875 0.030853271484375 0.0129241943359375 0.01512908935546875
0 0.00844573974609375 0.007488250732421875 0.00945281982421875 0.0090179443359375
0 0.153564453125 0.95654296875 0.011199951171875 0.01085662841796875
0 0.53857421875 0.01560211181640625 0.203369140625 0.0292510986328125
0 0.2242431640625 0.95703125 0.047607421875 0.058349609375
0 0.07452392578125 0.72412109375 0.01229095458984375 0.01267242431640625
0 0.2861328125 0.935546875 0.2183837890625 0.1282958984375
0 0.023956298828125 0.484375 0.042877197265625 0.09271240234375
0 0.103759765625 0.03167724609375 0.04876708984375 0.05242919921875
0 0.8525390625 0.03092193603515625 0.09893798828125 0.0618438720703125