0 0.4677734375 0.77001953125 0.022796630859375 0.0228424072265625
0 0.39794921875 0.421875 0.02203369140625 0.0234222412109375
0 0.50244140625 0.50732421875 0.98779296875 0.97607421875
0 0.324462890625 0.28662109375 0.022369384765625 0.0252227783203125
0 0.492431640625 0.423828125 0.020721435546875 0.020965576171875
0 0.82275390625 0.1409912109375 0.3544921875 0.2783203125
0 0.533203125 0.1744384765625 0.0214080810546875 0.02606201171875
0 0.4248046875 0.11798095703125 0.0190887451171875 0.01837158203125
0 0.361328125 0.217529296875 0.09588623046875 0.1485595703125
0 0.1663818359375 0.321044921875 0.1044921875 0.090576171875
0 0.424560546875 0.4521484375 0.07586669921875 0.10302734375
0 0.80029296875 0.4287109375 0.09686279296875 0.058441162109375
0 0.262939453125 0.4326171875 0.1055908203125 0.1448974609375
0 0.1749267578125 0.67041015625 0.044677734375 0.055206298828125
0 0.220703125 0.41748046875 0.034820556640625 0.23095703125
0 0.1409912109375 0.43408203125 0.026611328125 0.04083251953125
0 0.10015869140625 0.88037109375 0.184814453125 0.232666015625
0 0.6962890625 0.305908203125 0.061431884765625 0.0289306640625
0 0.47509765625 0.259765625 0.0869140625 0.1015625
0 0.418212890625 0.04876708984375 0.037322998046875 0.027801513671875
0 0.85546875 0.046722412109375 0.018829345703125 0.0214080810546875
0 0.6240234375 0.2161865234375 0.102294921875 0.082275390625
0 0.63623046875 0.06939697265625 0.0809326171875 0.1282958984375
0 0.02423095703125 0.78369140625 0.04345703125 0.06243896484375
0 0.070068359375 0.6005859375 0.09503173828125 0.054595947265625
0 0.32177734375 0.6484375 0.08880615234375 0.0794677734375
0 0.11126708984375 0.72900390625 0.21337890625 0.126953125
0 0.9853515625 0.42822265625 0.0279083251953125 0.044586181640625
0 0.365234375 0.0121002197265625 0.0352783203125 0.0203704833984375
0 0.0202484130859375 0.349365234375 0.0305023193359375 0.044189453125