0 0.499267578125 0.50927734375 0.9814453125 0.95556640625
0 0.83984375 0.06243896484375 0.25634765625 0.12127685546875
0 0.6923828125 0.1865234375 0.1378173828125 0.1904296875
0 0.333984375 0.060760498046875 0.1357421875 0.0560302734375
0 0.1802978515625 0.51416015625 0.011962890625 0.00930023193359375
0 0.68408203125 0.12042236328125 0.0117340087890625 0.0110321044921875
0 0.30078125 0.287353515625 0.174072265625 0.2176513671875
0 0.54296875 0.23876953125 0.0127716064453125 0.01016998291015625
0 0.3564453125 0.70849609375 0.01214599609375 0.011199951171875
0 0.12548828125 0.04620361328125 0.0136871337890625 0.01519012451171875
0 0.091552734375 0.090087890625 0.18212890625 0.17138671875
0 0.3447265625 0.1658935546875 0.06500244140625 0.07171630859375
0 0.19091796875 0.89697265625 0.0709228515625 0.05224609375
0 0.414306640625 0.9189453125 0.0517578125 0.034881591796875
0 0.27734375 0.2149658203125 0.01384735107421875 0.0136871337890625
0 0.106689453125 0.56201171875 0.1993408203125 0.2841796875
0 0.06658935546875 0.9521484375 0.01137542724609375 0.013275146484375
0 0.04620361328125 0.2705078125 0.08819580078125 0.1800537109375
0 0.5068359375 0.328857421875 0.061187744140625 0.071044921875
0 0.1719970703125 0.89990234375 0.01519012451171875 0.049957275390625
0 0.017913818359375 0.94873046875 0.0318603515625 0.0869140625
0 0.58251953125 0.482666015625 0.023193359375 0.021575927734375
0 0.89794921875 0.406982421875 0.10760498046875 0.06622314453125
0 0.9756851196289062 0.268798828125 0.0486297607421875 0.04132080078125