0 0.529296875 0.10821533203125 0.107421875 0.052520751953125
0 0.30517578125 0.82421875 0.01238250732421875 0.0197906494140625
0 0.92138671875 0.308837890625 0.075439453125 0.0369873046875
0 0.6005859375 0.2049560546875 0.0850830078125 0.09185791015625
0 0.279296875 0.7490234375 0.0295867919921875 0.06768798828125
0 0.53173828125 0.413818359375 0.0199432373046875 0.0163421630859375
0 0.18701171875 0.4189453125 0.045013427734375 0.0293121337890625
0 0.3916015625 0.8623046875 0.04840087890625 0.025909423828125
0 0.5576171875 0.4306640625 0.845703125 0.681640625
0 0.5244140625 0.2252197265625 0.0743408203125 0.11083984375
0 0.77294921875 0.366943359375 0.016021728515625 0.013427734375
0 0.18115234375 0.7060546875 0.07696533203125 0.12274169921875
0 0.6650390625 0.0994873046875 0.050506591796875 0.039642333984375
0 0.70556640625 0.2022705078125 0.050323486328125 0.203125
0 0.1810302734375 0.869140625 0.042633056640625 0.06768798828125
0 0.9966297149658203 0.308837890625 0.006740570068359375 0.0296478271484375
0 0.73388671875 0.406494140625 0.0137939453125 0.015838623046875
0 0.288818359375 0.370849609375 0.01406097412109375 0.01267242431640625
0 0.330322265625 0.244873046875 0.01422882080078125 0.0120086669921875
0 0.2139892578125 0.55908203125 0.090087890625 0.09283447265625
0 0.806640625 0.166259765625 0.08770751953125 0.11181640625
0 0.32763671875 0.27783203125 0.10992431640625 0.140625
0 0.89794921875 0.26904296875 0.0174407958984375 0.013427734375
0 0.1904296875 0.9972000122070312 0.0120086669921875 0.0055999755859375
0 0.389892578125 0.5703125 0.056854248046875 0.1727294921875
0 0.317626953125 0.61572265625 0.04351806640625 0.161865234375
0 0.224365234375 0.273193359375 0.04217529296875 0.05108642578125
0 0.264892578125 0.9052734375 0.01934814453125 0.0243377685546875
0 0.7548828125 0.1121826171875 0.1331787109375 0.0455322265625
0 0.323974609375 0.8857421875 0.04986572265625 0.04107666015625
0 0.145263671875 0.456787109375 0.061767578125 0.1859130859375
0 0.480712890625 0.5556640625 0.018585205078125 0.02215576171875
0 0.61865234375 0.1710205078125 0.0203704833984375 0.025177001953125
0 0.2093505859375 0.9909439086914062 0.060516357421875 0.0181121826171875
0 0.91943359375 0.15673828125 0.0999755859375 0.06475830078125
0 0.462890625 0.1915283203125 0.027374267578125 0.044525146484375