0 0.4930419921875 0.495361328125 0.986083984375 0.98388671875
0 0.39306640625 0.2646484375 0.0185089111328125 0.01554107666015625
0 0.5546875 0.447265625 0.01229095458984375 0.01146697998046875
0 0.1466064453125 0.5771484375 0.28857421875 0.24072265625
0 0.51904296875 0.1947021484375 0.01363372802734375 0.01132965087890625
0 0.8232421875 0.326171875 0.1815185546875 0.04913330078125
0 0.59033203125 0.1903076171875 0.01384735107421875 0.0120086669921875
0 0.352783203125 0.8212890625 0.0184783935546875 0.01358795166015625
0 0.053985595703125 0.1436767578125 0.09893798828125 0.048675537109375
0 0.6025390625 0.37451171875 0.0150146484375 0.016845703125
0 0.63525390625 0.1640625 0.017242431640625 0.01554107666015625
0 0.138427734375 0.06536865234375 0.029083251953125 0.030792236328125
0 0.53466796875 0.242431640625 0.01238250732421875 0.0115966796875
0 0.38818359375 0.017578125 0.0546875 0.033721923828125
0 0.669921875 0.0237274169921875 0.1727294921875 0.044189453125
0 0.2225341796875 0.97509765625 0.061767578125 0.042388916015625
0 0.1611328125 0.29296875 0.173828125 0.1448974609375
0 0.464599609375 0.0836181640625 0.0187225341796875 0.0170440673828125
0 0.1922607421875 0.10052490234375 0.045440673828125 0.03314208984375
0 0.74853515625 0.329833984375 0.042572021484375 0.0289764404296875
0 0.02162933349609375 0.205322265625 0.0432586669921875 0.05889892578125
0 0.66552734375 0.0738525390625 0.54736328125 0.134033203125
0 0.172119140625 0.036712646484375 0.06683349609375 0.0635986328125
0 0.32373046875 0.0285491943359375 0.033905029296875 0.042327880859375
0 0.50927734375 0.042327880859375 0.07806396484375 0.0526123046875
0 0.03704833984375 0.72802734375 0.0740966796875 0.1766357421875
0 0.239501953125 0.06903076171875 0.0258636474609375 0.049041748046875
0 0.125244140625 0.01242828369140625 0.02276611328125 0.021453857421875
0 0.28515625 0.04620361328125 0.0290374755859375 0.039337158203125
0 0.018341064453125 0.305908203125 0.0316162109375 0.0290374755859375