0 0.50048828125 0.495849609375 0.98486328125 0.98291015625
0 0.5458984375 0.1634521484375 0.0082855224609375 0.00916290283203125
0 0.755859375 0.0728759765625 0.00861358642578125 0.0083465576171875
0 0.478515625 0.13232421875 0.0095977783203125 0.01078033447265625
0 0.453369140625 0.06500244140625 0.007175445556640625 0.00766754150390625
0 0.75244140625 0.3603515625 0.006984710693359375 0.008544921875
0 0.2486572265625 0.94287109375 0.0116424560546875 0.01056671142578125
0 0.185791015625 0.76611328125 0.014617919921875 0.0143890380859375
0 0.65625 0.2215576171875 0.0222930908203125 0.0174407958984375
0 0.176513671875 0.6728515625 0.017852783203125 0.0167236328125
0 0.0999755859375 0.6357421875 0.0185089111328125 0.01763916015625
0 0.341796875 0.17529296875 0.0849609375 0.2802734375
0 0.56689453125 0.458251953125 0.0278472900390625 0.0190582275390625
0 0.145263671875 0.21142578125 0.11395263671875 0.1943359375
0 0.1580810546875 0.765625 0.0156707763671875 0.0144500732421875
0 0.235595703125 0.66064453125 0.010650634765625 0.01146697998046875
0 0.302490234375 0.57177734375 0.1898193359375 0.33740234375
0 0.74755859375 0.042327880859375 0.00916290283203125 0.008514404296875
0 0.94287109375 0.31640625 0.011962890625 0.01267242431640625
0 0.219970703125 0.61181640625 0.0112457275390625 0.01142120361328125
0 0.22119140625 0.7373046875 0.043365478515625 0.0257568359375
0 0.269775390625 0.6982421875 0.0129241943359375 0.0125274658203125
0 0.70654296875 0.0728759765625 0.036346435546875 0.02508544921875
0 0.229248046875 0.8056640625 0.036346435546875 0.021209716796875
0 0.12127685546875 0.697265625 0.0127716064453125 0.0136871337890625
0 0.55078125 0.00894927978515625 0.1871337890625 0.0169219970703125
0 0.9609375 0.249267578125 0.027374267578125 0.0211639404296875
0 0.2125244140625 0.10797119140625 0.007904052734375 0.01554107666015625
0 0.397705078125 0.459228515625 0.08758544921875 0.06536865234375
0 0.76611328125 0.0273284912109375 0.0242767333984375 0.047515869140625
0 0.80322265625 0.056976318359375 0.22265625 0.10797119140625
0 0.74169921875 0.428466796875 0.0810546875 0.0154266357421875
0 0.25927734375 0.26806640625 0.0222015380859375 0.0252227783203125
0 0.2144775390625 0.9644317626953125 0.1448974609375 0.071136474609375
0 0.58056640625 0.257568359375 0.041839599609375 0.04010009765625
0 0.46337890625 0.24853515625 0.0290374755859375 0.03985595703125
0 0.1231689453125 0.048309326171875 0.03265380859375 0.090576171875
0 0.06982421875 0.9072265625 0.0982666015625 0.17578125
0 0.267578125 0.00989532470703125 0.089111328125 0.0192413330078125
0 0.440673828125 0.32080078125 0.050811767578125 0.060638427734375
0 0.01525115966796875 0.56298828125 0.02447509765625 0.021209716796875
0 0.92919921875 0.01694488525390625 0.061981201171875 0.0338897705078125
0 0.392578125 0.0165863037109375 0.024658203125 0.0154876708984375
0 0.92041015625 0.4111328125 0.032470703125 0.023773193359375
0 0.9925537109375 0.2110595703125 0.014892578125 0.08282470703125
0 0.058013916015625 0.12841796875 0.053985595703125 0.04351806640625
0 0.884765625 0.36767578125 0.04931640625 0.0341796875
0 0.006168365478515625 0.4638671875 0.010650634765625 0.029144287109375