0 0.525390625 0.477783203125 0.88427734375 0.82177734375
0 0.44775390625 0.70703125 0.040313720703125 0.0567626953125
0 0.39892578125 0.0970458984375 0.1378173828125 0.06561279296875
0 0.6650390625 0.230712890625 0.0889892578125 0.20947265625
0 0.26806640625 0.6826171875 0.15380859375 0.109130859375
0 0.97509765625 0.45068359375 0.01137542724609375 0.0222930908203125
0 0.25732421875 0.2386474609375 0.1439208984375 0.1568603515625
0 0.462890625 0.98193359375 0.01214599609375 0.0121002197265625
0 0.424560546875 0.1995849609375 0.1214599609375 0.2098388671875
0 0.197021484375 0.4111328125 0.1724853515625 0.1466064453125
0 0.1923828125 0.14990234375 0.023193359375 0.0260009765625
0 0.869140625 0.31494140625 0.093017578125 0.0615234375
0 0.734375 0.178955078125 0.01142120361328125 0.0125274658203125
0 0.1356201171875 0.478759765625 0.01495361328125 0.01384735107421875
0 0.86572265625 0.270751953125 0.035552978515625 0.037384033203125
0 0.51025390625 0.76953125 0.01422882080078125 0.0197601318359375
0 0.41064453125 0.86962890625 0.047149658203125 0.05450439453125
0 0.3330078125 0.13330078125 0.0592041015625 0.04638671875
0 0.767578125 0.1729736328125 0.2078857421875 0.090576171875
0 0.2313232421875 0.193115234375 0.022979736328125 0.01406097412109375
0 0.09039306640625 0.4150390625 0.0208892822265625 0.08978271484375