0 0.65185546875 0.5531005859375 0.623046875 0.893798828125
0 0.86376953125 0.37939453125 0.1727294921875 0.122314453125
0 0.388916015625 0.441650390625 0.1971435546875 0.12335205078125
0 0.833984375 0.392333984375 0.01953125 0.023956298828125
0 0.6181640625 0.141845703125 0.461669921875 0.139892578125
0 0.5322265625 0.200927734375 0.06854248046875 0.09283447265625
0 0.26123046875 0.560546875 0.0245208740234375 0.020294189453125
0 0.56298828125 0.921875 0.02288818359375 0.038238525390625
0 0.9111328125 0.32275390625 0.0869140625 0.05499267578125
0 0.188232421875 0.4638671875 0.10992431640625 0.076416015625
0 0.72119140625 0.12103271484375 0.01450347900390625 0.017913818359375
0 0.38427734375 0.61474609375 0.1026611328125 0.042388916015625
0 0.260498046875 0.7041015625 0.0170440673828125 0.017181396484375
0 0.037689208984375 0.54931640625 0.00894927978515625 0.01049041748046875
0 0.1634521484375 0.58251953125 0.0082855224609375 0.011962890625