0 0.4970703125 0.49658203125 0.98779296875 0.98486328125
0 0.1632080078125 0.455810546875 0.0074615478515625 0.00933837890625
0 0.132568359375 0.52392578125 0.01061248779296875 0.0116424560546875
0 0.0728759765625 0.2452392578125 0.007488250732421875 0.008544921875
0 0.04248046875 0.254638671875 0.007549285888671875 0.00878143310546875
0 0.32763671875 0.70849609375 0.044342041015625 0.057373046875
0 0.427978515625 0.2496337890625 0.0216217041015625 0.10595703125
0 0.54541015625 0.337646484375 0.02423095703125 0.05645751953125
0 0.7392578125 0.18115234375 0.00787353515625 0.007843017578125
0 0.935546875 0.383544921875 0.00844573974609375 0.0127716064453125
0 0.72314453125 0.3896484375 0.008575439453125 0.0120086669921875
0 0.91357421875 0.2203369140625 0.157958984375 0.0295867919921875
0 0.45947265625 0.4345703125 0.0243377685546875 0.030853271484375
0 0.51953125 0.07421875 0.1727294921875 0.137939453125
0 0.263427734375 0.432861328125 0.037200927734375 0.08447265625
0 0.0728759765625 0.295654296875 0.02191162109375 0.035552978515625
0 0.1431884765625 0.06549072265625 0.283203125 0.1260986328125
0 0.359130859375 0.25 0.0129241943359375 0.012237548828125
0 0.2215576171875 0.343017578125 0.0187225341796875 0.0255126953125
0 0.7373046875 0.14404296875 0.0070953369140625 0.011505126953125
0 0.1541748046875 0.9609375 0.11029052734375 0.0762939453125
0 0.9785003662109375 0.046539306640625 0.042999267578125 0.08880615234375
0 0.107421875 0.78759765625 0.0165252685546875 0.00757598876953125
0 0.04534912109375 0.89208984375 0.08404541015625 0.060302734375
0 0.26513671875 0.75830078125 0.0231475830078125 0.039642333984375
0 0.051849365234375 0.63427734375 0.01238250732421875 0.0125732421875
0 0.0311431884765625 0.2080078125 0.055816650390625 0.0235137939453125
0 0.00933837890625 0.73779296875 0.0179901123046875 0.0810546875
0 0.018096923828125 0.05865478515625 0.03533935546875 0.08758544921875
0 0.94775390625 0.300537109375 0.09234619140625 0.06396484375
0 0.341796875 0.97900390625 0.0229339599609375 0.0264129638671875
0 0.293212890625 0.78515625 0.0836181640625 0.07452392578125