0 0.791015625 0.18128125 0.0116875 0.012421875
0 0.496578125 0.50684375 0.9829062499999999 0.963875
0 0.5625 0.269046875 0.22509375 0.22815625
0 0.47631249999999997 0.30615625 0.016718749999999998 0.016921875
0 0.5498125 0.49096875000000006 0.008671874999999999 0.0098125
0 0.71778125 0.05728124999999999 0.011734375 0.012765625
0 0.0779375 0.31275 0.151984375 0.223390625
0 0.8090781249999999 0.284671875 0.17296875 0.1925
0 0.131953125 0.064875 0.25634375 0.129640625
0 0.916015625 0.121890625 0.026203125 0.056765625
0 0.1274375 0.73828125 0.22473437500000001 0.20056250000000003
0 0.293453125 0.9487343750000001 0.015359375 0.008375
0 0.406734375 0.10578125000000001 0.093328125 0.11981250000000002
0 0.388421875 0.5835 0.014453125 0.018765625
0 0.00603125 0.352296875 0.01125 0.013421875
0 0.19409375 0.9711874999999999 0.065125 0.049312499999999995
0 0.1326875 0.00396875 0.011109375000000001 0.006937500000000001
0 0.961921875 0.043359375 0.076109375 0.0834375
0 0.014953125000000001 0.654296875 0.028703125000000003 0.1065