0 0.53759765625 0.476806640625 0.865234375 0.81396484375
0 0.4677734375 0.0966796875 0.1163330078125 0.061981201171875
0 0.33984375 0.71533203125 0.036224365234375 0.0615234375
0 0.263427734375 0.45068359375 0.15283203125 0.24072265625
0 0.81201171875 0.2337646484375 0.0699462890625 0.1981201171875
0 0.265380859375 0.83935546875 0.052520751953125 0.0765380859375
0 0.27978515625 0.27880859375 0.12939453125 0.1331787109375
0 0.36376953125 0.86865234375 0.0078125 0.01073455810546875
0 0.43115234375 0.272216796875 0.08538818359375 0.35986328125
0 0.383544921875 0.78173828125 0.012481689453125 0.02001953125
0 0.685546875 0.219482421875 0.0953369140625 0.1688232421875
0 0.296142578125 0.96337890625 0.0083160400390625 0.00989532470703125
0 0.191162109375 0.509765625 0.0701904296875 0.038909912109375
0 0.18115234375 0.54443359375 0.00864410400390625 0.0094146728515625
0 0.88720703125 0.28369140625 0.050811767578125 0.0325927734375
0 0.2100830078125 0.69775390625 0.10015869140625 0.1094970703125
0 0.97998046875 0.393310546875 0.01763916015625 0.029815673828125
0 0.52490234375 0.382568359375 0.017913818359375 0.01433563232421875
0 0.78271484375 0.198974609375 0.01111602783203125 0.0110321044921875
0 0.638671875 0.3154296875 0.03656005859375 0.039703369140625
0 0.59228515625 0.09039306640625 0.041473388671875 0.03839111328125
0 0.5537109375 0.1820068359375 0.06622314453125 0.0850830078125
0 0.2476806640625 0.345947265625 0.01525115966796875 0.0129241943359375
0 0.2410888671875 0.1864013671875 0.0153045654296875 0.01678466796875
0 0.468994140625 0.830078125 0.0379638671875 0.033782958984375
0 0.65966796875 0.1202392578125 0.01146697998046875 0.0135345458984375
0 0.490966796875 0.1925048828125 0.021209716796875 0.02484130859375
0 0.410888671875 0.6923828125 0.010528564453125 0.016021728515625
0 0.372802734375 0.92041015625 0.071044921875 0.076416015625
0 0.318603515625 0.9953727722167969 0.0221099853515625 0.00925445556640625
0 0.15234375 0.397216796875 0.030731201171875 0.0240478515625
0 0.22607421875 0.205322265625 0.090576171875 0.06524658203125
0 0.1087646484375 0.445068359375 0.030792236328125 0.10430908203125
0 0.4111328125 0.283203125 0.01666259765625 0.0413818359375