0 0.356453125 0.621578125 0.00784375 0.00821875
0 0.48364062499999994 0.495125 0.9560625 0.978515625
0 0.306890625 0.207390625 0.0074687500000000006 0.008
0 0.577640625 0.3464375 0.0078125 0.008984375
0 0.527828125 0.35303125 0.009093750000000001 0.00959375
0 0.42334375 0.9497031249999999 0.007062499999999999 0.008453125
0 0.1043125 0.037593749999999995 0.009421875 0.009453125
0 0.526375 0.127078125 0.297609375 0.20398437500000002
0 0.05440625 0.122015625 0.011328125 0.00975
0 0.505859375 0.19434374999999998 0.010703124999999999 0.010734375
0 0.401375 0.9594687499999999 0.012921875 0.017906250000000002
0 0.87890625 0.27465625 0.13659375 0.15918749999999998
0 0.16821875 0.629390625 0.12915625 0.340328125
0 0.302734375 0.068546875 0.01178125 0.01065625
0 0.051671875 0.3464375 0.012828125000000001 0.012296875
0 0.286859375 0.328375 0.2319375 0.149046875
0 0.719234375 0.344 0.00809375 0.0095625
0 0.044671875 0.8383749999999999 0.010859375000000001 0.016984375
0 0.75146875 0.021234375 0.010328125 0.008609374999999999
0 0.43189062500000003 0.9829062499999999 0.00978125 0.013640625
0 0.375484375 0.1275625 0.03634375 0.026609375
0 0.035609375 0.54590625 0.01125 0.01159375
0 0.029546875 0.923828125 0.00828125 0.011375
0 0.027015624999999998 0.859375 0.009296875 0.011421875
0 0.38671875 0.9809531249999999 0.01953125 0.010953125
0 0.1535625 0.13659375 0.126953125 0.15075
0 0.06646875 0.36303125 0.012484375 0.013375000000000001
0 0.42871875 0.5859375 0.046296875 0.084046875
0 0.017859375 0.44604687500000006 0.031140624999999998 0.085390625
0 0.042234375000000005 0.2685625 0.009421875 0.010125
0 0.313234375 0.96875 0.012531249999999999 0.015187500000000001
0 0.530765625 0.057703125 0.158203125 0.0625625
0 0.23278125 0.017859375 0.023140625 0.02109375
0 0.2575625 0.997875 0.00871875 0.00425
0 0.0570625 0.7085 0.07709375 0.05625
0 0.180046875 0.086296875 0.04178125 0.0378125
0 0.2915 0.9868124999999999 0.014000000000000002 0.01328125
0 0.031671875 0.040015625 0.0558125 0.078484375
0 0.42334375 0.039859375 0.083859375 0.055203125
0 0.8120156250000001 0.022203125 0.086296875 0.0416875