0 0.498779296875 0.5048828125 0.98486328125 0.96826171875
0 0.4013671875 0.1868896484375 0.01214599609375 0.017242431640625
0 0.70751953125 0.11279296875 0.048583984375 0.04742431640625
0 0.1822509765625 0.3212890625 0.1871337890625 0.181884765625
0 0.146728515625 0.62548828125 0.293212890625 0.35595703125
0 0.2232666015625 0.093994140625 0.229248046875 0.0850830078125
0 0.50244140625 0.05419921875 0.06292724609375 0.0390625
0 0.43896484375 0.021942138671875 0.010650634765625 0.0125274658203125
0 0.89794921875 0.10321044921875 0.203369140625 0.199951171875
0 0.62353515625 0.07196044921875 0.05718994140625 0.05987548828125
0 0.251220703125 0.036712646484375 0.0171051025390625 0.0189056396484375
0 0.0211639404296875 0.0235595703125 0.04052734375 0.045257568359375
0 0.81396484375 0.03802490234375 0.062225341796875 0.0755615234375
0 0.9501953125 0.0634765625 0.0948486328125 0.0352783203125
0 0.04931640625 0.1767578125 0.09222412109375 0.259521484375
0 0.5244140625 0.0179901123046875 0.05291748046875 0.035888671875
0 0.95361328125 0.009693145751953125 0.09088134765625 0.01938629150390625
0 0.0201416015625 0.61279296875 0.039276123046875 0.1248779296875
0 0.1485595703125 0.0186920166015625 0.07159423828125 0.037384033203125
0 0.0537109375 0.1187744140625 0.06396484375 0.03460693359375