0 0.380859375 0.78955078125 0.00971221923828125 0.01233673095703125
0 0.1181640625 0.8564453125 0.00841522216796875 0.01132965087890625
0 0.8544921875 0.06268310546875 0.0162200927734375 0.0199432373046875
0 0.490478515625 0.49560546875 0.96630859375 0.9794921875
0 0.830078125 0.09503173828125 0.0141143798828125 0.0190887451171875
0 0.218994140625 0.204833984375 0.01358795166015625 0.0154876708984375
0 0.7861328125 0.315185546875 0.017913818359375 0.020416259765625
0 0.1583251953125 0.1328125 0.014556884765625 0.0120086669921875
0 0.6064453125 0.2197265625 0.014617919921875 0.01861572265625
0 0.1912841796875 0.89111328125 0.00916290283203125 0.0137939453125
0 0.67529296875 0.378662109375 0.01363372802734375 0.0164642333984375
0 0.11920166015625 0.314697265625 0.06451416015625 0.304443359375
0 0.2384033203125 0.921875 0.00926971435546875 0.01142120361328125
0 0.716796875 0.45654296875 0.0164031982421875 0.019500732421875
0 0.47216796875 0.07135009765625 0.09173583984375 0.10614013671875
0 0.87646484375 0.01306915283203125 0.01678466796875 0.019195556640625
0 0.422607421875 0.188232421875 0.162353515625 0.300048828125
0 0.2034912109375 0.8447265625 0.01751708984375 0.018829345703125
0 0.248291015625 0.98388671875 0.0144500732421875 0.0154266357421875
0 0.1326904296875 0.026458740234375 0.0167236328125 0.019195556640625
0 0.8359375 0.3212890625 0.190673828125 0.154052734375
0 0.24072265625 0.83984375 0.00981903076171875 0.012481689453125
0 0.036773681640625 0.52197265625 0.007488250732421875 0.011688232421875
0 0.10540771484375 0.62451171875 0.0345458984375 0.2237548828125
0 0.2247314453125 0.84619140625 0.0101318359375 0.012725830078125
0 0.166259765625 0.0162200927734375 0.018402099609375 0.017578125
0 0.018768310546875 0.44482421875 0.0154876708984375 0.018096923828125
0 0.418212890625 0.991363525390625 0.0699462890625 0.01727294921875
0 0.0222015380859375 0.171630859375 0.03912353515625 0.09503173828125
0 0.33837890625 0.97607421875 0.0552978515625 0.04351806640625
0 0.5419921875 0.01934814453125 0.31298828125 0.036346435546875
0 0.32568359375 0.009738922119140625 0.17529296875 0.01947784423828125
0 0.04376220703125 0.630859375 0.0094146728515625 0.01898193359375
0 0.91162109375 0.0740966796875 0.16455078125 0.148193359375