0 0.489013671875 0.498779296875 0.97265625 0.96484375
0 0.317626953125 0.6875 0.0164642333984375 0.0165252685546875
0 0.394287109375 0.619140625 0.0305633544921875 0.0272674560546875
0 0.1827392578125 0.35498046875 0.2371826171875 0.1279296875
0 0.303466796875 0.86865234375 0.09234619140625 0.10089111328125
0 0.21728515625 0.1376953125 0.03033447265625 0.027435302734375
0 0.104156494140625 0.54638671875 0.20831298828125 0.1268310546875
0 0.249755859375 0.25048828125 0.11798095703125 0.1015625
0 0.65478515625 0.234619140625 0.293212890625 0.2021484375
0 0.40234375 0.90576171875 0.04327392578125 0.03179931640625
0 0.395751953125 0.114990234375 0.018646240234375 0.024658203125
0 0.9539642333984375 0.13916015625 0.092071533203125 0.2763671875
0 0.0728759765625 0.693359375 0.140380859375 0.343994140625
0 0.2666015625 0.093017578125 0.0296478271484375 0.0280609130859375