0 0.2034912109375 0.348388671875 0.1783447265625 0.22509765625
0 0.50634765625 0.3408203125 0.8740234375 0.6494140625
0 0.391357421875 0.174072265625 0.047943115234375 0.219970703125
0 0.77685546875 0.1671142578125 0.039276123046875 0.1414794921875
0 0.677734375 0.107421875 0.052032470703125 0.09979248046875
0 0.0987548828125 0.44970703125 0.08709716796875 0.27294921875
0 0.261474609375 0.1473388671875 0.10357666015625 0.07879638671875
0 0.266357421875 0.72705078125 0.061309814453125 0.08465576171875
0 0.43359375 0.04248046875 0.1077880859375 0.059326171875
0 0.83544921875 0.1474609375 0.10394287109375 0.11126708984375
0 0.400146484375 0.4091796875 0.093505859375 0.1953125
0 0.33740234375 0.59716796875 0.0394287109375 0.061187744140625
0 0.6279296875 0.218017578125 0.0567626953125 0.06268310546875