0 0.51220703125 0.493896484375 0.953125 0.955078125
0 0.483154296875 0.305908203125 0.311279296875 0.157958984375
0 0.07965087890625 0.76220703125 0.13916015625 0.0293731689453125
0 0.1976318359375 0.3388671875 0.222412109375 0.223388671875
0 0.2437744140625 0.047332763671875 0.0170440673828125 0.0266571044921875
0 0.372802734375 0.044097900390625 0.186279296875 0.07330322265625
0 0.07696533203125 0.448486328125 0.03802490234375 0.043609619140625
0 0.5634765625 0.1671142578125 0.020721435546875 0.01898193359375
0 0.038818359375 0.2086181640625 0.07464599609375 0.07904052734375
0 0.1318359375 0.22216796875 0.020294189453125 0.020599365234375
0 0.440185546875 0.68212890625 0.046295166015625 0.039642333984375
0 0.166259765625 0.9501495361328125 0.203369140625 0.099700927734375
0 0.11126708984375 0.88134765625 0.21728515625 0.06756591796875
0 0.1187744140625 0.57763671875 0.037261962890625 0.035491943359375
0 0.72412109375 0.103759765625 0.1466064453125 0.1983642578125
0 0.287841796875 0.03131103515625 0.06707763671875 0.04107666015625
0 0.2213134765625 0.00905609130859375 0.0120086669921875 0.01322174072265625
0 0.038909912109375 0.66650390625 0.0728759765625 0.017242431640625
0 0.0546875 0.1563720703125 0.01348114013671875 0.0243377685546875
0 0.302001953125 0.83154296875 0.05126953125 0.04443359375
0 0.68310546875 0.1285400390625 0.0169219970703125 0.0222930908203125
0 0.1387939453125 0.09027099609375 0.06903076171875 0.08154296875
0 0.97119140625 0.314697265625 0.0496826171875 0.043853759765625