0 0.1605224609375 0.1591796875 0.00945281982421875 0.01085662841796875
0 0.51611328125 0.492919921875 0.955078125 0.97412109375
0 0.96337890625 0.217041015625 0.06964111328125 0.260986328125
0 0.410888671875 0.7705078125 0.020294189453125 0.021453857421875
0 0.6171875 0.31298828125 0.2744140625 0.158447265625
0 0.339599609375 0.0129241943359375 0.01302337646484375 0.01312255859375
0 0.1876220703125 0.427978515625 0.0221099853515625 0.018157958984375
0 0.7470703125 0.1810302734375 0.018646240234375 0.0199432373046875
0 0.1600341796875 0.314697265625 0.0261077880859375 0.0163421630859375
0 0.418212890625 0.42333984375 0.0185089111328125 0.01763916015625
0 0.331787109375 0.07080078125 0.0169219970703125 0.021484375
0 0.2171630859375 0.82080078125 0.017578125 0.02191162109375
0 0.3544921875 0.62451171875 0.019561767578125 0.021484375
0 0.466796875 0.08880615234375 0.167724609375 0.1265869140625
0 0.0975341796875 0.4453125 0.01363372802734375 0.01422882080078125
0 0.2440185546875 0.56396484375 0.024658203125 0.0243377685546875
0 0.09844970703125 0.84521484375 0.012481689453125 0.01406097412109375
0 0.7705078125 0.053192138671875 0.102294921875 0.100341796875
0 0.357666015625 0.0352783203125 0.053192138671875 0.06854248046875
0 0.1279296875 0.2310791015625 0.01233673095703125 0.019378662109375
0 0.56689453125 0.0162811279296875 0.183349609375 0.03240966796875
0 0.70849609375 0.23828125 0.026702880859375 0.0386962890625
0 0.053802490234375 0.2486572265625 0.01374053955078125 0.0118255615234375
0 0.01238250732421875 0.1300048828125 0.02447509765625 0.1456298828125
0 0.044189453125 0.383544921875 0.0794677734375 0.022979736328125
0 0.4013671875 0.3720703125 0.0279083251953125 0.0211639404296875
0 0.1578369140625 0.64501953125 0.0784912109375 0.07891845703125
0 0.023956298828125 0.6005859375 0.045257568359375 0.072265625
0 0.329833984375 0.8994140625 0.076416015625 0.06622314453125
0 0.1624755859375 0.92724609375 0.01666259765625 0.0216217041015625
0 0.07489013671875 0.237060546875 0.01348114013671875 0.01751708984375
0 0.1976318359375 0.11029052734375 0.042724609375 0.184814453125
0 0.1304931640625 0.0755615234375 0.09173583984375 0.0341796875
0 0.3115234375 0.422119140625 0.105224609375 0.0723876953125
0 0.0309600830078125 0.71337890625 0.0208892822265625 0.020843505859375
0 0.37890625 0.60791015625 0.0738525390625 0.06878662109375
0 0.061981201171875 0.9697265625 0.06292724609375 0.030792236328125