0 0.49560546875 0.4931640625 0.986328125 0.98291015625
0 0.5546875 0.138427734375 0.09466552734375 0.206298828125
0 0.34521484375 0.371826171875 0.134521484375 0.53271484375
0 0.891448974609375 0.097015380859375 0.21710205078125 0.19403076171875
0 0.1820068359375 0.1591796875 0.0083770751953125 0.00787353515625
0 0.043609619140625 0.529296875 0.00948333740234375 0.00981903076171875
0 0.3701171875 0.06109619140625 0.1783447265625 0.1181640625
0 0.80712890625 0.355224609375 0.0099334716796875 0.01078033447265625
0 0.1685791015625 0.92626953125 0.01116180419921875 0.012481689453125
0 0.22265625 0.12249755859375 0.007259368896484375 0.00971221923828125
0 0.0418548583984375 0.936981201171875 0.083709716796875 0.12603759765625
0 0.150390625 0.06561279296875 0.040679931640625 0.07135009765625
0 0.1390380859375 0.94384765625 0.01142120361328125 0.010406494140625
0 0.1495361328125 0.2890625 0.01132965087890625 0.01177978515625
0 0.71142578125 0.0290374755859375 0.1490478515625 0.0574951171875
0 0.462890625 0.20947265625 0.0115509033203125 0.011505126953125
0 0.285888671875 0.275634765625 0.04345703125 0.0560302734375
0 0.16259765625 0.28173828125 0.059661865234375 0.09234619140625
0 0.10052490234375 0.149658203125 0.059967041015625 0.0943603515625
0 0.654296875 0.06097412109375 0.0112457275390625 0.01214599609375
0 0.495361328125 0.1959228515625 0.01363372802734375 0.012054443359375
0 0.33251953125 0.25048828125 0.07080078125 0.0838623046875
0 0.9954872131347656 0.421630859375 0.00902557373046875 0.0163421630859375
0 0.94384765625 0.30908203125 0.060089111328125 0.039337158203125
0 0.50146484375 0.04840087890625 0.0121002197265625 0.01242828369140625
0 0.92578125 0.306640625 0.0120086669921875 0.012481689453125
0 0.0137939453125 0.027740478515625 0.0261993408203125 0.051849365234375
0 0.0219879150390625 0.355712890625 0.0139007568359375 0.015899658203125
0 0.64013671875 0.011569976806640625 0.0509033203125 0.02313995361328125
0 0.02532958984375 0.093017578125 0.04193115234375 0.058013916015625
0 0.08282470703125 0.06768798828125 0.0261077880859375 0.045440673828125
0 0.1190185546875 0.07977294921875 0.0231475830078125 0.03167724609375
0 0.330810546875 0.011962890625 0.036773681640625 0.02288818359375
0 0.036529541015625 0.00766754150390625 0.07305908203125 0.01507568359375
0 0.81591796875 0.1431884765625 0.028106689453125 0.0210113525390625
0 0.96337890625 0.0120086669921875 0.030731201171875 0.022796630859375
0 0.1630859375 0.53369140625 0.1781005859375 0.125732421875
0 0.67919921875 0.091064453125 0.0174407958984375 0.01467132568359375