0 0.497314453125 0.496826171875 0.98583984375 0.984375
0 0.5419921875 0.152587890625 0.308349609375 0.249755859375
0 0.2406005859375 0.51220703125 0.038238525390625 0.04510498046875
0 0.479736328125 0.393798828125 0.0108184814453125 0.01073455810546875
0 0.12188720703125 0.062103271484375 0.0102081298828125 0.01142120361328125
0 0.1673583984375 0.5615234375 0.2763671875 0.0269622802734375
0 0.378662109375 0.321044921875 0.0104522705078125 0.011199951171875
0 0.224853515625 0.19677734375 0.01267242431640625 0.01395416259765625
0 0.28759765625 0.09686279296875 0.00971221923828125 0.0119171142578125
0 0.448486328125 0.336181640625 0.0242767333984375 0.033721923828125
0 0.3095703125 0.76220703125 0.0162811279296875 0.01483917236328125
0 0.953125 0.080078125 0.09222412109375 0.1495361328125
0 0.171142578125 0.9287109375 0.019989013671875 0.0177764892578125
0 0.10125732421875 0.432861328125 0.09912109375 0.01525115966796875
0 0.2047119140625 0.802734375 0.01332855224609375 0.0139007568359375
0 0.18115234375 0.2235107421875 0.172119140625 0.139404296875
0 0.027069091796875 0.68701171875 0.011962890625 0.01348114013671875
0 0.259765625 0.92431640625 0.01287078857421875 0.02056884765625
0 0.364990234375 0.3564453125 0.028656005859375 0.0489501953125
0 0.0169525146484375 0.56689453125 0.033905029296875 0.0948486328125
0 0.10125732421875 0.599609375 0.1800537109375 0.0836181640625
0 0.1778564453125 0.0193023681640625 0.2186279296875 0.0294189453125
0 0.1727294921875 0.966796875 0.00937652587890625 0.01146697998046875
0 0.7470703125 0.0552978515625 0.0237274169921875 0.0272216796875
0 0.0289764404296875 0.7978515625 0.057952880859375 0.320068359375
0 0.250732421875 0.1441650390625 0.0192413330078125 0.01983642578125
0 0.11199951171875 0.208984375 0.01953125 0.0217742919921875
0 0.77587890625 0.0391845703125 0.1357421875 0.06585693359375
0 0.10894775390625 0.87353515625 0.07354736328125 0.0455322265625