0 0.392333984375 0.49853515625 0.73974609375 0.96875
0 0.1466064453125 0.059478759765625 0.2298583984375 0.11895751953125
0 0.296630859375 0.419189453125 0.2098388671875 0.0726318359375
0 0.191650390625 0.2349853515625 0.0101318359375 0.01094818115234375
0 0.251953125 0.68212890625 0.045013427734375 0.019989013671875
0 0.2015380859375 0.302734375 0.1500244140625 0.0706787109375
0 0.12322998046875 0.1649169921875 0.012969970703125 0.0135345458984375
0 0.134033203125 0.01729583740234375 0.1077880859375 0.0345916748046875
0 0.046112060546875 0.203125 0.0170440673828125 0.015899658203125
0 0.14404296875 0.4248046875 0.0144500732421875 0.0161590576171875
0 0.45849609375 0.2340087890625 0.06854248046875 0.1104736328125
0 0.6201171875 0.271240234375 0.01229095458984375 0.01363372802734375