0 0.50439453125 0.49951171875 0.9736328125 0.98486328125
0 0.2254638671875 0.309814453125 0.250244140625 0.0390625
0 0.4482421875 0.05645751953125 0.10858154296875 0.09979248046875
0 0.9521484375 0.23779296875 0.08209228515625 0.03607177734375
0 0.218994140625 0.478271484375 0.0230255126953125 0.0251312255859375
0 0.33154296875 0.2181396484375 0.1044921875 0.09027099609375
0 0.6142578125 0.08331298828125 0.16455078125 0.1488037109375
0 0.1878662109375 0.599609375 0.0160980224609375 0.012054443359375
0 0.116943359375 0.29638671875 0.039276123046875 0.03839111328125
0 0.28515625 0.63330078125 0.0211181640625 0.026611328125
0 0.499267578125 0.41943359375 0.03338623046875 0.0282135009765625
0 0.2919921875 0.05889892578125 0.022796630859375 0.0310821533203125
0 0.249755859375 0.4912109375 0.0188751220703125 0.0207977294921875
0 0.0709228515625 0.38037109375 0.06597900390625 0.05389404296875
0 0.053497314453125 0.509765625 0.02886962890625 0.0364990234375
0 0.07781982421875 0.6044921875 0.0169219970703125 0.02447509765625
0 0.253662109375 0.92919921875 0.089111328125 0.0849609375
0 0.1856689453125 0.61865234375 0.04620361328125 0.050811767578125
0 0.021209716796875 0.56396484375 0.01061248779296875 0.01242828369140625
0 0.91650390625 0.07989501953125 0.16455078125 0.1500244140625
0 0.1844482421875 0.026702880859375 0.048675537109375 0.05023193359375
0 0.09027099609375 0.08154296875 0.029541015625 0.0309600830078125
0 0.9541015625 0.29296875 0.06707763671875 0.04638671875
0 0.03424072265625 0.188720703125 0.060760498046875 0.06561279296875
0 0.058013916015625 0.4453125 0.047882080078125 0.02801513671875
0 0.07794189453125 0.74951171875 0.043365478515625 0.059112548828125
0 0.06805419921875 0.96728515625 0.08465576171875 0.06463623046875
0 0.350341796875 0.876953125 0.10577392578125 0.0999755859375
0 0.0237274169921875 0.90771484375 0.0364990234375 0.049957275390625
0 0.036285400390625 0.75 0.018341064453125 0.021209716796875
0 0.0179901123046875 0.477783203125 0.03338623046875 0.052825927734375