0 0.81591796875 0.0850830078125 0.0316162109375 0.034698486328125
0 0.53515625 0.47119140625 0.90234375 0.93115234375
0 0.5068359375 0.33544921875 0.07501220703125 0.09686279296875
0 0.188232421875 0.51904296875 0.2001953125 0.189208984375
0 0.20166015625 0.392333984375 0.183837890625 0.118408203125
0 0.364990234375 0.83544921875 0.134765625 0.12042236328125
0 0.67333984375 0.244140625 0.18212890625 0.0830078125
0 0.5458984375 0.145263671875 0.046539306640625 0.048583984375
0 0.49462890625 0.23828125 0.0509033203125 0.050506591796875
0 0.94091796875 0.415771484375 0.013275146484375 0.02691650390625
0 0.953125 0.29248046875 0.0169219970703125 0.0235137939453125
0 0.72216796875 0.1934814453125 0.047515869140625 0.04052734375
0 0.412353515625 0.7919921875 0.06829833984375 0.03167724609375
0 0.2362060546875 0.73583984375 0.03594970703125 0.04107666015625
0 0.9806594848632812 0.2083740234375 0.0386810302734375 0.093505859375
0 0.27734375 0.1734619140625 0.08770751953125 0.0869140625
0 0.39599609375 0.040985107421875 0.04132080078125 0.03607177734375