0 0.5068359375 0.48046875 0.9482421875 0.92529296875
0 0.91455078125 0.279541015625 0.00989532470703125 0.0127716064453125
0 0.406005859375 0.278564453125 0.0139007568359375 0.012969970703125
0 0.521484375 0.369140625 0.01433563232421875 0.0169830322265625
0 0.85595703125 0.2088623046875 0.011962890625 0.0129241943359375
0 0.4658203125 0.1114501953125 0.01450347900390625 0.01519012451171875
0 0.351318359375 0.35693359375 0.1396484375 0.365234375
0 0.6298828125 0.16064453125 0.158203125 0.281494140625
0 0.263671875 0.26513671875 0.0165252685546875 0.0156707763671875
0 0.1890869140625 0.63037109375 0.0214080810546875 0.0207977294921875
0 0.76904296875 0.0948486328125 0.016021728515625 0.01512908935546875
0 0.587890625 0.0251312255859375 0.01507568359375 0.012725830078125
0 0.5859375 0.00847625732421875 0.06304931640625 0.015716552734375
0 0.203857421875 0.513671875 0.0192718505859375 0.0233306884765625
0 0.377685546875 0.88525390625 0.0162811279296875 0.0189361572265625
0 0.465087890625 0.9501953125 0.0209197998046875 0.0216217041015625
0 0.400634765625 0.0211639404296875 0.052337646484375 0.033538818359375
0 0.5078125 0.022979736328125 0.023193359375 0.015716552734375
0 0.10614013671875 0.165771484375 0.1339111328125 0.0638427734375
0 0.06072998046875 0.716796875 0.1214599609375 0.06982421875
0 0.94921875 0.1837158203125 0.09771728515625 0.0880126953125
0 0.0230712890625 0.433837890625 0.04534912109375 0.08587646484375
0 0.0753173828125 0.327392578125 0.06622314453125 0.090087890625
0 0.71923828125 0.01395416259765625 0.09368896484375 0.0261993408203125
0 0.01750946044921875 0.11358642578125 0.0350189208984375 0.0726318359375
0 0.060516357421875 0.1630859375 0.038177490234375 0.021484375
0 0.82373046875 0.01525115966796875 0.078369140625 0.02880859375
0 0.9766998291015625 0.05108642578125 0.046600341796875 0.080810546875
0 0.1904296875 0.0224151611328125 0.023101806640625 0.0182342529296875
0 0.97021484375 0.273681640625 0.049041748046875 0.08038330078125
0 0.013275146484375 0.56396484375 0.019989013671875 0.02508544921875
0 0.12249755859375 0.04052734375 0.024658203125 0.0775146484375
0 0.04449462890625 0.887420654296875 0.0889892578125 0.22515869140625