0 0.497802734375 0.471923828125 0.96875 0.89697265625
0 0.455810546875 0.39453125 0.0116424560546875 0.011688232421875
0 0.4599609375 0.10467529296875 0.01073455810546875 0.01085662841796875
0 0.206298828125 0.2203369140625 0.01129150390625 0.01229095458984375
0 0.29150390625 0.50341796875 0.183349609375 0.49267578125
0 0.33349609375 0.280517578125 0.0224151611328125 0.0202484130859375
0 0.521484375 0.4423828125 0.01024627685546875 0.0121917724609375
0 0.8173828125 0.344482421875 0.01029205322265625 0.010986328125
0 0.058135986328125 0.9814453125 0.00963592529296875 0.010009765625
0 0.2142333984375 0.80322265625 0.0089874267578125 0.01049041748046875
0 0.159912109375 0.2398681640625 0.00971221923828125 0.0103302001953125
0 0.1259765625 0.35693359375 0.0154266357421875 0.0153045654296875
0 0.183349609375 0.05645751953125 0.00948333740234375 0.00981903076171875
0 0.87646484375 0.344970703125 0.0097808837890625 0.009857177734375
0 0.352783203125 0.03289794921875 0.271728515625 0.06549072265625
0 0.1829833984375 0.114990234375 0.1153564453125 0.077392578125
0 0.478271484375 0.307373046875 0.03179931640625 0.03271484375
0 0.68701171875 0.082275390625 0.2802734375 0.161376953125
0 0.607421875 0.150634765625 0.0108184814453125 0.007724761962890625
0 0.08819580078125 0.2022705078125 0.071044921875 0.0938720703125
0 0.202392578125 0.01007080078125 0.03521728515625 0.0201416015625
0 0.093994140625 0.73876953125 0.0231475830078125 0.023651123046875
0 0.02880096435546875 0.2032470703125 0.0576019287109375 0.07684326171875
0 0.10760498046875 0.128662109375 0.01348114013671875 0.0089874267578125
0 0.9831085205078125 0.1898193359375 0.033782958984375 0.0987548828125
0 0.02386474609375 0.185791015625 0.00930023193359375 0.010650634765625
0 0.2548828125 0.44580078125 0.035736083984375 0.0299224853515625
0 0.97021484375 0.372314453125 0.023284912109375 0.018096923828125
0 0.229736328125 0.88916015625 0.01751708984375 0.0193023681640625
0 0.68408203125 0.260498046875 0.038909912109375 0.0302734375
0 0.7939453125 0.06585693359375 0.01129150390625 0.0089874267578125
0 0.051666259765625 0.0258026123046875 0.10211181640625 0.0504150390625
0 0.012725830078125 0.5400390625 0.0228424072265625 0.1483154296875
0 0.90478515625 0.286865234375 0.0328369140625 0.0247039794921875
0 0.958984375 0.009857177734375 0.06982421875 0.019500732421875