0 0.4990234375 0.5078125 0.984375 0.97119140625
0 0.403564453125 0.419677734375 0.07861328125 0.54443359375
0 0.1715087890625 0.470458984375 0.006122589111328125 0.008880615234375
0 0.1217041015625 0.356689453125 0.0087432861328125 0.0083770751953125
0 0.0953369140625 0.5048828125 0.169189453125 0.194091796875
0 0.50830078125 0.1343994140625 0.257568359375 0.116943359375
0 0.133544921875 0.74609375 0.247314453125 0.2247314453125
0 0.87060546875 0.38525390625 0.1121826171875 0.0987548828125
0 0.1656494140625 0.055206298828125 0.053009033203125 0.10687255859375
0 0.046112060546875 0.9703216552734375 0.091552734375 0.059356689453125
0 0.051544189453125 0.1505126953125 0.0106964111328125 0.01861572265625
0 0.0802001953125 0.06939697265625 0.05023193359375 0.1304931640625
0 0.31005859375 0.182373046875 0.042633056640625 0.05108642578125
0 0.47314453125 0.0445404052734375 0.140869140625 0.089080810546875
0 0.266357421875 0.054290771484375 0.018646240234375 0.09857177734375
0 0.394287109375 0.12359619140625 0.03216552734375 0.037689208984375
0 0.95166015625 0.269287109375 0.035064697265625 0.058563232421875
0 0.982421875 0.33154296875 0.0296478271484375 0.033905029296875
0 0.35791015625 0.0537109375 0.0206451416015625 0.097412109375
0 0.6767578125 0.0437469482421875 0.017303466796875 0.087493896484375
0 0.2220458984375 0.09552001953125 0.0234222412109375 0.0282135009765625
0 0.05242919921875 0.1790771484375 0.0218658447265625 0.0284423828125
0 0.78515625 0.03875732421875 0.01395416259765625 0.06768798828125