0 0.5 0.486083984375 0.96435546875 0.9423828125
0 0.1632080078125 0.3701171875 0.0141143798828125 0.01763916015625
0 0.4482421875 0.4482421875 0.011505126953125 0.0125274658203125
0 0.193603515625 0.481689453125 0.00997161865234375 0.0137939453125
0 0.42919921875 0.4140625 0.0115509033203125 0.0153045654296875
0 0.188720703125 0.413818359375 0.011199951171875 0.0150146484375
0 0.689453125 0.06292724609375 0.081787109375 0.11297607421875
0 0.056121826171875 0.7802734375 0.06719970703125 0.0242767333984375
0 0.358154296875 0.1588134765625 0.21044921875 0.232666015625
0 0.26806640625 0.61328125 0.03277587890625 0.039947509765625
0 0.9345703125 0.205810546875 0.1063232421875 0.07598876953125
0 0.947265625 0.054595947265625 0.0869140625 0.10284423828125
0 0.049407958984375 0.49462890625 0.06805419921875 0.09088134765625
0 0.6083984375 0.360107421875 0.1783447265625 0.052032470703125
0 0.018798828125 0.60986328125 0.036895751953125 0.060302734375
0 0.1455078125 0.958831787109375 0.05108642578125 0.08233642578125
0 0.327880859375 0.267578125 0.0238189697265625 0.040771484375
0 0.40283203125 0.03173828125 0.237548828125 0.056121826171875
0 0.041778564453125 0.8115234375 0.07598876953125 0.10052490234375
0 0.027069091796875 0.7060546875 0.032958984375 0.044097900390625
0 0.311279296875 0.982421875 0.0258636474609375 0.03204345703125
0 0.2103271484375 0.9737396240234375 0.0850830078125 0.052520751953125
0 0.2132568359375 0.70458984375 0.154296875 0.2322998046875
0 0.06793212890625 0.276123046875 0.1048583984375 0.047515869140625
0 0.024993896484375 0.7568359375 0.021087646484375 0.025421142578125
0 0.0855712890625 0.062286376953125 0.171142578125 0.12457275390625
0 0.986328125 0.420166015625 0.020721435546875 0.04302978515625
0 0.890625 0.1673583984375 0.0364990234375 0.0287628173828125