0 0.492431640625 0.49951171875 0.96142578125 0.98828125
0 0.1153564453125 0.6044921875 0.0208892822265625 0.0185089111328125
0 0.1380615234375 0.783203125 0.023468017578125 0.02880859375
0 0.73974609375 0.3203125 0.0299224853515625 0.031494140625
0 0.29443359375 0.78564453125 0.0999755859375 0.1318359375
0 0.78271484375 0.290283203125 0.259033203125 0.125244140625
0 0.3994140625 0.6630859375 0.0850830078125 0.1231689453125
0 0.126953125 0.419189453125 0.0740966796875 0.062225341796875
0 0.69091796875 0.0740966796875 0.036773681640625 0.048309326171875
0 0.05560302734375 0.90576171875 0.10992431640625 0.17578125
0 0.2034912109375 0.318603515625 0.2271728515625 0.251953125
0 0.6064453125 0.11456298828125 0.032470703125 0.050048828125
0 0.5546875 0.051544189453125 0.061187744140625 0.053314208984375
0 0.14208984375 0.2335205078125 0.12042236328125 0.046295166015625
0 0.2254638671875 0.61376953125 0.15380859375 0.1412353515625
0 0.1751708984375 0.8076171875 0.0184783935546875 0.01763916015625
0 0.07318115234375 0.0635986328125 0.043212890625 0.040985107421875
0 0.77978515625 0.2440185546875 0.2451171875 0.042816162109375
0 0.09417724609375 0.72900390625 0.0205230712890625 0.0201416015625
0 0.09234619140625 0.65087890625 0.0489501953125 0.06707763671875
0 0.13885498046875 0.05059814453125 0.2777099609375 0.09185791015625
0 0.22509765625 0.783203125 0.03302001953125 0.026153564453125