0 0.619140625 0.440673828125 0.0197906494140625 0.024932861328125
0 0.498779296875 0.491943359375 0.96142578125 0.98193359375
0 0.69580078125 0.24365234375 0.12188720703125 0.203369140625
0 0.3154296875 0.318603515625 0.0199432373046875 0.021453857421875
0 0.367919921875 0.128662109375 0.16455078125 0.191650390625
0 0.223388671875 0.8037109375 0.2425537109375 0.131591796875
0 0.267578125 0.68505859375 0.04193115234375 0.04046630859375
0 0.266357421875 0.53271484375 0.204345703125 0.1361083984375
0 0.88671875 0.397216796875 0.0216522216796875 0.017852783203125
0 0.1727294921875 0.425048828125 0.1705322265625 0.1019287109375
0 0.86279296875 0.2166748046875 0.024993896484375 0.02947998046875
0 0.379638671875 0.389892578125 0.034423828125 0.042083740234375
0 0.156005859375 0.3349609375 0.06658935546875 0.038604736328125