0 0.4931640625 0.49462890625 0.974609375 0.9755859375
0 0.51904296875 0.18603515625 0.0074615478515625 0.00916290283203125
0 0.44677734375 0.0635986328125 0.00894927978515625 0.0087127685546875
0 0.470947265625 0.9140625 0.0087127685546875 0.010406494140625
0 0.4521484375 0.6484375 0.007965087890625 0.00867462158203125
0 0.9384765625 0.06475830078125 0.00787353515625 0.00812530517578125
0 0.9091796875 0.308837890625 0.01024627685546875 0.01132965087890625
0 0.53369140625 0.019989013671875 0.0094146728515625 0.01024627685546875
0 0.65673828125 0.2254638671875 0.00989532470703125 0.0108184814453125
0 0.806640625 0.1942138671875 0.01306915283203125 0.014007568359375
0 0.9501953125 0.299072265625 0.0083770751953125 0.00878143310546875
0 0.64208984375 0.2705078125 0.1507568359375 0.094482421875
0 0.32080078125 0.498291015625 0.00885009765625 0.00867462158203125
0 0.74169921875 0.3828125 0.0197906494140625 0.019012451171875
0 0.75927734375 0.102294921875 0.020294189453125 0.024658203125
0 0.462646484375 0.427978515625 0.080810546875 0.058563232421875
0 0.876953125 0.1640625 0.00937652587890625 0.011688232421875
0 0.91357421875 0.460205078125 0.01282501220703125 0.0141143798828125
0 0.2802734375 0.1318359375 0.1165771484375 0.1483154296875
0 0.6640625 0.140869140625 0.015960693359375 0.0185394287109375
0 0.544921875 0.2276611328125 0.054412841796875 0.241455078125
0 0.300537109375 0.34912109375 0.07611083984375 0.06231689453125
0 0.070556640625 0.13916015625 0.1336669921875 0.2432861328125
0 0.3564453125 0.0269622802734375 0.0574951171875 0.05059814453125
0 0.34521484375 0.7666015625 0.037200927734375 0.081787109375
0 0.720703125 0.0350494384765625 0.0247039794921875 0.070098876953125
0 0.10894775390625 0.8330078125 0.196533203125 0.086181640625
0 0.65576171875 0.07696533203125 0.01934814453125 0.01214599609375
0 0.08477783203125 0.86767578125 0.0108184814453125 0.0241851806640625
0 0.94219970703125 0.016845703125 0.1156005859375 0.0328369140625
0 0.013275146484375 0.365966796875 0.0240020751953125 0.017852783203125
0 0.9940223693847656 0.39501953125 0.01195526123046875 0.036224365234375
0 0.64208984375 0.0218658447265625 0.013427734375 0.027374267578125
0 0.68603515625 0.06622314453125 0.03253173828125 0.038604736328125
0 0.9703292846679688 0.2685546875 0.0593414306640625 0.041778564453125
0 0.0231475830078125 0.427001953125 0.044677734375 0.11614990234375
0 0.91748046875 0.227783203125 0.0256195068359375 0.045013427734375
0 0.1922607421875 0.9636993408203125 0.1983642578125 0.072601318359375
0 0.01111602783203125 0.60107421875 0.0211181640625 0.052520751953125
0 0.416259765625 0.74560546875 0.05865478515625 0.058349609375