0 0.48388671875 0.48388671875 0.9501953125 0.95263671875
0 0.78369140625 0.448486328125 0.316650390625 0.033477783203125
0 0.66455078125 0.167236328125 0.2425537109375 0.196533203125
0 0.1805419921875 0.351806640625 0.015777587890625 0.01898193359375
0 0.11614990234375 0.8857421875 0.2213134765625 0.2230224609375
0 0.359130859375 0.33984375 0.0156707763671875 0.0180206298828125
0 0.80078125 0.024993896484375 0.05706787109375 0.048675537109375
0 0.642578125 0.07763671875 0.01812744140625 0.0261993408203125
0 0.12066650390625 0.03021240234375 0.1895751953125 0.044525146484375
0 0.73974609375 0.388916015625 0.0169219970703125 0.0211181640625
0 0.040313720703125 0.341796875 0.06903076171875 0.253173828125
0 0.70263671875 0.0185394287109375 0.03656005859375 0.036773681640625
0 0.94775390625 0.2208251953125 0.059661865234375 0.021697998046875
0 0.0704345703125 0.79541015625 0.1114501953125 0.078369140625
0 0.0240478515625 0.223876953125 0.0413818359375 0.0633544921875
0 0.8583984375 0.05645751953125 0.053192138671875 0.10467529296875
0 0.9365234375 0.151611328125 0.03204345703125 0.033477783203125
0 0.98291015625 0.39208984375 0.034027099609375 0.05511474609375