0 0.1954345703125 0.439208984375 0.186279296875 0.28857421875
0 0.45849609375 0.130126953125 0.1461181640625 0.046630859375
0 0.4794921875 0.453369140625 0.7958984375 0.67822265625
0 0.34228515625 0.23876953125 0.1124267578125 0.12274169921875
0 0.71533203125 0.247314453125 0.187744140625 0.1629638671875
0 0.5478515625 0.2474365234375 0.09271240234375 0.08758544921875
0 0.30126953125 0.921875 0.1591796875 0.1463623046875
0 0.07427978515625 0.9416046142578125 0.1485595703125 0.116790771484375
0 0.34765625 0.73291015625 0.06951904296875 0.1087646484375
0 0.382568359375 0.1513671875 0.06109619140625 0.0386962890625
0 0.501953125 0.2744140625 0.043121337890625 0.054595947265625