0 0.492919921875 0.4990234375 0.97802734375 0.9853515625
0 0.037811279296875 0.480224609375 0.02532958984375 0.02685546875
0 0.79150390625 0.45556640625 0.030670166015625 0.0268096923828125
0 0.414794921875 0.171142578125 0.2264404296875 0.287353515625
0 0.094329833984375 0.7021484375 0.18865966796875 0.49462890625
0 0.78271484375 0.303955078125 0.106689453125 0.05145263671875
0 0.1436767578125 0.33056640625 0.052520751953125 0.053009033203125
0 0.75244140625 0.218994140625 0.03759765625 0.0328369140625
0 0.246337890625 0.2587890625 0.1422119140625 0.304443359375
0 0.31005859375 0.63623046875 0.071044921875 0.49267578125
0 0.0726318359375 0.24658203125 0.06536865234375 0.161376953125
0 0.533203125 0.028656005859375 0.21533203125 0.052825927734375
0 0.14404296875 0.1134033203125 0.028106689453125 0.1610107421875