0 0.492431640625 0.50048828125 0.9658203125 0.97802734375
0 0.1370849609375 0.77685546875 0.008514404296875 0.00864410400390625
0 0.58740234375 0.1214599609375 0.01029205322265625 0.01137542724609375
0 0.36865234375 0.055511474609375 0.010406494140625 0.01107025146484375
0 0.39697265625 0.10797119140625 0.093994140625 0.1607666015625
0 0.73876953125 0.21337890625 0.007488250732421875 0.00878143310546875
0 0.1346435546875 0.22552490234375 0.259033203125 0.4510498046875
0 0.10394287109375 0.020843505859375 0.00815582275390625 0.0101318359375
0 0.092041015625 0.9140625 0.0097808837890625 0.00905609130859375
0 0.368408203125 0.11981201171875 0.01090240478515625 0.0153656005859375
0 0.0831298828125 0.445556640625 0.006744384765625 0.01049041748046875
0 0.126708984375 0.91650390625 0.252685546875 0.1663818359375
0 0.92626953125 0.1798095703125 0.1456298828125 0.292724609375
0 0.29443359375 0.15185546875 0.0092315673828125 0.0141754150390625
0 0.75830078125 0.2059326171875 0.011871337890625 0.01132965087890625
0 0.84033203125 0.266357421875 0.0135345458984375 0.0194549560546875
0 0.583984375 0.2337646484375 0.2047119140625 0.18212890625
0 0.87060546875 0.28369140625 0.018096923828125 0.021240234375
0 0.906402587890625 0.0333709716796875 0.18719482421875 0.066741943359375
0 0.0256195068359375 0.560546875 0.047607421875 0.058563232421875
0 0.047515869140625 0.1143798828125 0.07318115234375 0.1143798828125
0 0.1318359375 0.8798828125 0.0257110595703125 0.024932861328125
0 0.775390625 0.1505126953125 0.013275146484375 0.010986328125
0 0.281005859375 0.030670166015625 0.07501220703125 0.060302734375
0 0.80322265625 0.11260986328125 0.0293731689453125 0.041778564453125
0 0.05450439453125 0.92236328125 0.035064697265625 0.02838134765625
0 0.052703857421875 0.295654296875 0.0311431884765625 0.119384765625
0 0.05108642578125 0.89794921875 0.018341064453125 0.0165863037109375
0 0.8017578125 0.0299835205078125 0.06109619140625 0.05389404296875
0 0.021942138671875 0.83544921875 0.038818359375 0.04296875
0 0.85986328125 0.1181640625 0.05706787109375 0.0299224853515625
0 0.248046875 0.029144287109375 0.01490020751953125 0.054901123046875