0 0.37060546875 0.4853515625 0.11859130859375 0.60546875
0 0.494384765625 0.4912109375 0.9873046875 0.98046875
0 0.6220703125 0.377197265625 0.01107025146484375 0.012481689453125
0 0.4345703125 0.063720703125 0.00989532470703125 0.01384735107421875
0 0.28955078125 0.1143798828125 0.01116180419921875 0.01267242431640625
0 0.0180206298828125 0.45556640625 0.01267242431640625 0.01262664794921875
0 0.355224609375 0.05194091796875 0.01142120361328125 0.01422882080078125
0 0.1356201171875 0.7978515625 0.010986328125 0.010986328125
0 0.498046875 0.42333984375 0.012481689453125 0.01495361328125
0 0.1605224609375 0.658203125 0.00937652587890625 0.010528564453125
0 0.328125 0.07464599609375 0.01337432861328125 0.0170440673828125
0 0.75439453125 0.382568359375 0.0102081298828125 0.010986328125
0 0.2156982421875 0.830078125 0.00908660888671875 0.01061248779296875
0 0.343505859375 0.22265625 0.09979248046875 0.2490234375
0 0.6435546875 0.1319580078125 0.01238250732421875 0.01751708984375
0 0.09637451171875 0.81787109375 0.01242828369140625 0.011199951171875
0 0.352294921875 0.67431640625 0.0090179443359375 0.00881195068359375
0 0.0167236328125 0.3173828125 0.020843505859375 0.0206451416015625
0 0.7958984375 0.1976318359375 0.0247955322265625 0.0162200927734375
0 0.290771484375 0.021820068359375 0.0121917724609375 0.0136871337890625
0 0.68310546875 0.1343994140625 0.10015869140625 0.140625
0 0.021087646484375 0.75341796875 0.0099334716796875 0.0156707763671875
0 0.089599609375 0.399658203125 0.167724609375 0.19287109375
0 0.82275390625 0.382568359375 0.015960693359375 0.014007568359375
0 0.2078857421875 0.96044921875 0.035400390625 0.07183837890625
0 0.082275390625 0.31494140625 0.0740966796875 0.06964111328125
0 0.06610107421875 0.80517578125 0.01384735107421875 0.01229095458984375
0 0.65771484375 0.037628173828125 0.1873779296875 0.07525634765625
0 0.533203125 0.01837158203125 0.07476806640625 0.03521728515625
0 0.0582275390625 0.8837890625 0.05242919921875 0.0723876953125
0 0.10894775390625 0.2340087890625 0.060516357421875 0.03985595703125
0 0.0245208740234375 0.7158203125 0.0224609375 0.0225830078125
0 0.8076171875 0.143798828125 0.063720703125 0.049041748046875
0 0.00867462158203125 0.123046875 0.01666259765625 0.154052734375
0 0.1661376953125 0.05560302734375 0.155029296875 0.02801513671875
0 0.2470703125 0.98486328125 0.0177764892578125 0.0173797607421875