0 0.4990234375 0.477783203125 0.9658203125 0.939453125
0 0.151123046875 0.385986328125 0.2454833984375 0.277587890625
0 0.1851806640625 0.326904296875 0.0211181640625 0.014617919921875
0 0.0703125 0.84912109375 0.0271148681640625 0.018646240234375
0 0.240478515625 0.88037109375 0.01507568359375 0.0164031982421875
0 0.845703125 0.26708984375 0.0384521484375 0.0301513671875
0 0.8017578125 0.3740234375 0.0266571044921875 0.01678466796875
0 0.301513671875 0.346435546875 0.03607177734375 0.027069091796875
0 0.130615234375 0.7109375 0.0180206298828125 0.0194549560546875
0 0.1865234375 0.85986328125 0.01678466796875 0.0142822265625
0 0.640625 0.09136962890625 0.164794921875 0.1810302734375
0 0.1654052734375 0.8388671875 0.0165252685546875 0.01406097412109375
0 0.2900390625 0.8916015625 0.2088623046875 0.119384765625
0 0.17041015625 0.052032470703125 0.025421142578125 0.09844970703125
0 0.1278076171875 0.79931640625 0.015899658203125 0.01177978515625
0 0.41015625 0.1683349609375 0.132568359375 0.058990478515625