0 0.7314453125 0.25439453125 0.38671875 0.26220703125
0 0.491943359375 0.63330078125 0.56103515625 0.5810546875
0 0.09320068359375 0.49853515625 0.182373046875 0.28857421875
0 0.544921875 0.4716796875 0.039703369140625 0.02276611328125
0 0.6630859375 0.21435546875 0.0206451416015625 0.018585205078125
0 0.1470947265625 0.28662109375 0.0169219970703125 0.01678466796875
0 0.60400390625 0.471923828125 0.017303466796875 0.01495361328125
0 0.83642578125 0.2288818359375 0.017578125 0.0144500732421875
0 0.3984375 0.73779296875 0.0180511474609375 0.016845703125
0 0.5263671875 0.572265625 0.0251312255859375 0.0222015380859375
0 0.70458984375 0.322021484375 0.019378662109375 0.0136871337890625
0 0.413330078125 0.165283203125 0.018341064453125 0.0169830322265625
0 0.07183837890625 0.2490234375 0.035400390625 0.0304412841796875
0 0.398193359375 0.70849609375 0.01678466796875 0.0163421630859375
0 0.413330078125 0.87158203125 0.014556884765625 0.0212860107421875
0 0.2646484375 0.8154296875 0.01483917236328125 0.0167236328125
0 0.5078125 0.4287109375 0.03839111328125 0.0169830322265625
0 0.05126953125 0.298828125 0.0285491943359375 0.018585205078125
0 0.4072265625 0.89697265625 0.017852783203125 0.019012451171875
0 0.04876708984375 0.54248046875 0.015716552734375 0.01348114013671875
0 0.1767578125 0.421875 0.016845703125 0.0170440673828125
0 0.38916015625 0.8984375 0.0177764892578125 0.0141143798828125
0 0.1239013671875 0.463623046875 0.0147857666015625 0.01229095458984375
0 0.66162109375 0.455078125 0.0247039794921875 0.0230712890625
0 0.06683349609375 0.5166015625 0.01507568359375 0.015960693359375
0 0.86328125 0.1942138671875 0.0254669189453125 0.0197906494140625
0 0.60888671875 0.537109375 0.035552978515625 0.029541015625
0 0.619140625 0.1287841796875 0.02069091796875 0.01971435546875
0 0.163330078125 0.45458984375 0.0220794677734375 0.0228424072265625
0 0.74267578125 0.1988525390625 0.0279083251953125 0.0208892822265625
0 0.58642578125 0.1571044921875 0.038909912109375 0.023193359375
0 0.01837158203125 0.568359375 0.0305633544921875 0.037109375
0 0.0068607330322265625 0.505859375 0.013721466064453125 0.03125
0 0.302734375 0.229248046875 0.26220703125 0.0965576171875
0 0.1282958984375 0.3857421875 0.0290374755859375 0.0250396728515625
0 0.187744140625 0.1500244140625 0.0872802734375 0.0638427734375
0 0.406494140625 0.60986328125 0.07861328125 0.09368896484375