0 0.475341796875 0.68017578125 0.9306640625 0.54833984375
0 0.2548828125 0.1165771484375 0.11920166015625 0.1451416015625
0 0.223876953125 0.333251953125 0.1463623046875 0.193115234375
0 0.82275390625 0.3369140625 0.204345703125 0.271728515625
0 0.37890625 0.1905517578125 0.13525390625 0.102294921875
0 0.70458984375 0.20068359375 0.06561279296875 0.1282958984375
0 0.3994140625 0.467041015625 0.06866455078125 0.15234375
0 0.38720703125 0.306396484375 0.11578369140625 0.14013671875
0 0.67529296875 0.452880859375 0.118408203125 0.09039306640625
0 0.09930419921875 0.6376953125 0.06451416015625 0.09844970703125
0 0.392333984375 0.71875 0.0469970703125 0.11297607421875
0 0.51611328125 0.39697265625 0.0948486328125 0.12359619140625
0 0.6689453125 0.1048583984375 0.10107421875 0.07904052734375
0 0.208984375 0.74169921875 0.17724609375 0.1937255859375
0 0.52490234375 0.13916015625 0.051544189453125 0.1710205078125
0 0.79150390625 0.227783203125 0.09234619140625 0.07574462890625
0 0.6611328125 0.239501953125 0.035888671875 0.07666015625
0 0.1495361328125 0.54736328125 0.12249755859375 0.07781982421875
0 0.031494140625 0.59228515625 0.06298828125 0.1409912109375
0 0.6826171875 0.366455078125 0.1014404296875 0.08343505859375