0 0.525390625 0.495361328125 0.024658203125 0.02838134765625
0 0.19775390625 0.293212890625 0.171875 0.1329345703125
0 0.396728515625 0.44287109375 0.0794677734375 0.085693359375
0 0.8876953125 0.59521484375 0.198974609375 0.275634765625
0 0.50048828125 0.57568359375 0.0457763671875 0.1429443359375
0 0.603515625 0.396240234375 0.054290771484375 0.04400634765625
0 0.257568359375 0.6923828125 0.10760498046875 0.10595703125
0 0.0323486328125 0.81640625 0.041839599609375 0.1597900390625
0 0.372802734375 0.82861328125 0.20947265625 0.2451171875
0 0.93603515625 0.54541015625 0.0187225341796875 0.0156707763671875
0 0.269287109375 0.455078125 0.03253173828125 0.08050537109375
0 0.115966796875 0.8447265625 0.1124267578125 0.13818359375
0 0.6845703125 0.383544921875 0.175537109375 0.222412109375
0 0.07330322265625 0.55224609375 0.043701171875 0.2015380859375
0 0.9453125 0.5673828125 0.0181884765625 0.020843505859375
0 0.7880859375 0.76708984375 0.06951904296875 0.10687255859375
0 0.52294921875 0.07891845703125 0.09466552734375 0.05450439453125
0 0.255615234375 0.06695556640625 0.1083984375 0.059539794921875
0 0.95416259765625 0.27392578125 0.0916748046875 0.204345703125
0 0.2078857421875 0.56689453125 0.0301513671875 0.06982421875
0 0.447265625 0.322998046875 0.035614013671875 0.0709228515625
0 0.425537109375 0.081787109375 0.07781982421875 0.0740966796875
0 0.169189453125 0.436767578125 0.059326171875 0.026702880859375
0 0.6484375 0.461669921875 0.01384735107421875 0.0150146484375
0 0.80322265625 0.88720703125 0.11395263671875 0.06231689453125
0 0.7333984375 0.72607421875 0.07452392578125 0.03607177734375
0 0.279052734375 0.1697998046875 0.0482177734375 0.11395263671875
0 0.309814453125 0.66259765625 0.0110321044921875 0.01177978515625
0 0.77197265625 0.1876220703125 0.023651123046875 0.0303802490234375
0 0.8564453125 0.265625 0.01971435546875 0.035552978515625
0 0.62353515625 0.1259765625 0.046630859375 0.06243896484375
0 0.83447265625 0.156005859375 0.0582275390625 0.04052734375
0 0.1942138671875 0.07342529296875 0.055938720703125 0.0496826171875
0 0.4052734375 0.163330078125 0.164306640625 0.10107421875
0 0.1019287109375 0.12200927734375 0.0743408203125 0.119384765625
0 0.34033203125 0.150634765625 0.052520751953125 0.08270263671875
0 0.40869140625 0.673828125 0.07421875 0.038543701171875
0 0.5947265625 0.91845703125 0.048675537109375 0.038909912109375
0 0.6474609375 0.80859375 0.01302337646484375 0.01751708984375