0 0.320556640625 0.1737060546875 0.274169921875 0.187744140625
0 0.71240234375 0.365478515625 0.445068359375 0.2110595703125
0 0.5068359375 0.8603515625 0.78955078125 0.266357421875
0 0.2197265625 0.5107421875 0.26708984375 0.11676025390625
0 0.2049560546875 0.6591796875 0.28955078125 0.2127685546875
0 0.7041015625 0.10968017578125 0.290771484375 0.11920166015625
0 0.2418212890625 0.90966796875 0.1995849609375 0.1124267578125
0 0.6259765625 0.66015625 0.1014404296875 0.08587646484375
0 0.362548828125 0.1324462890625 0.0143890380859375 0.0156707763671875
0 0.6796875 0.22265625 0.0182647705078125 0.01525115966796875
0 0.042724609375 0.24658203125 0.07147216796875 0.1143798828125
0 0.42041015625 0.0703125 0.2183837890625 0.061309814453125
0 0.05975341796875 0.458740234375 0.06292724609375 0.1746826171875
0 0.73388671875 0.6162109375 0.0755615234375 0.029754638671875
0 0.52978515625 0.53271484375 0.026763916015625 0.0261077880859375
0 0.141357421875 0.9423828125 0.04840087890625 0.11083984375
0 0.892578125 0.65478515625 0.1190185546875 0.1656494140625
0 0.57958984375 0.59765625 0.041229248046875 0.09722900390625
0 0.171875 0.265380859375 0.10107421875 0.06585693359375
0 0.7724609375 0.78076171875 0.07476806640625 0.03179931640625
0 0.71533203125 0.24072265625 0.048492431640625 0.029083251953125
0 0.1270751953125 0.88037109375 0.04168701171875 0.046295166015625
0 0.27734375 0.376708984375 0.1368408203125 0.07598876953125
0 0.60693359375 0.47119140625 0.042022705078125 0.056243896484375
0 0.63916015625 0.7822265625 0.08770751953125 0.035888671875