0 0.1820068359375 0.69189453125 0.339111328125 0.346923828125
0 0.53857421875 0.1917724609375 0.0165252685546875 0.01332855224609375
0 0.18310546875 0.43994140625 0.134033203125 0.09124755859375
0 0.2462158203125 0.08648681640625 0.22265625 0.0762939453125
0 0.60546875 0.347412109375 0.46826171875 0.290283203125
0 0.216552734375 0.1806640625 0.0177764892578125 0.019500732421875
0 0.7763671875 0.05126953125 0.1566162109375 0.061187744140625
0 0.533203125 0.828125 0.06982421875 0.0261993408203125
0 0.05718994140625 0.3583984375 0.10321044921875 0.07135009765625
0 0.357666015625 0.57373046875 0.1063232421875 0.07720947265625
0 0.58349609375 0.69921875 0.1483154296875 0.0999755859375
0 0.46142578125 0.53076171875 0.024566650390625 0.0248870849609375
0 0.8896484375 0.78515625 0.08447265625 0.1705322265625
0 0.7451171875 0.7158203125 0.07208251953125 0.04168701171875
0 0.708984375 0.186279296875 0.1309814453125 0.09686279296875
0 0.09185791015625 0.91748046875 0.048675537109375 0.08868408203125
0 0.3291015625 0.33349609375 0.15380859375 0.078369140625
0 0.6298828125 0.93603515625 0.1658935546875 0.03125
0 0.5234375 0.58349609375 0.0276336669921875 0.08447265625
0 0.8046875 0.140869140625 0.0184783935546875 0.01483917236328125
0 0.5400390625 0.8994140625 0.0640869140625 0.07318115234375
0 0.5263671875 0.442626953125 0.02947998046875 0.05889892578125
0 0.2469482421875 0.5986328125 0.02691650390625 0.0169219970703125
0 0.01473236083984375 0.603515625 0.0278472900390625 0.1331787109375
0 0.376220703125 0.1807861328125 0.11920166015625 0.1334228515625
0 0.5078125 0.2303466796875 0.1480712890625 0.0263519287109375
0 0.6865234375 0.8310546875 0.03656005859375 0.054412841796875
0 0.1964111328125 0.2037353515625 0.1094970703125 0.089111328125
0 0.890625 0.6826171875 0.093994140625 0.021331787109375
0 0.395751953125 0.474853515625 0.0328369140625 0.0217437744140625