0 0.73046875 0.83642578125 0.263671875 0.1925048828125
0 0.76123046875 0.48388671875 0.26953125 0.13525390625
0 0.1044921875 0.23681640625 0.157958984375 0.16259765625
0 0.3984375 0.458251953125 0.0278472900390625 0.10107421875
0 0.394775390625 0.59326171875 0.032470703125 0.05706787109375
0 0.410400390625 0.6748046875 0.2379150390625 0.162109375
0 0.66943359375 0.11083984375 0.290771484375 0.21630859375
0 0.86474609375 0.724609375 0.1131591796875 0.06768798828125
0 0.163330078125 0.9609375 0.097412109375 0.06097412109375
0 0.458251953125 0.51416015625 0.0207977294921875 0.0219879150390625
0 0.30712890625 0.28369140625 0.08343505859375 0.0310211181640625
0 0.383544921875 0.87744140625 0.1746826171875 0.1339111328125
0 0.484619140625 0.449462890625 0.0360107421875 0.05633544921875
0 0.367431640625 0.837890625 0.033203125 0.02276611328125
0 0.56591796875 0.0238189697265625 0.1705322265625 0.044097900390625
0 0.24658203125 0.45703125 0.07330322265625 0.023193359375
0 0.082275390625 0.6083984375 0.0640869140625 0.0704345703125
0 0.10107421875 0.71923828125 0.086181640625 0.1368408203125
0 0.43115234375 0.05108642578125 0.10821533203125 0.07781982421875
0 0.5380859375 0.277099609375 0.100341796875 0.1639404296875
0 0.7880859375 0.68701171875 0.060760498046875 0.07611083984375
0 0.564453125 0.483154296875 0.10284423828125 0.0740966796875
0 0.12890625 0.873046875 0.0701904296875 0.08740234375
0 0.450439453125 0.1868896484375 0.04296875 0.07147216796875
0 0.697265625 0.8837890625 0.0169830322265625 0.0182952880859375
0 0.0535888671875 0.08819580078125 0.06549072265625 0.043701171875
0 0.31005859375 0.1251220703125 0.08154296875 0.049407958984375
0 0.2474365234375 0.771484375 0.042633056640625 0.024658203125
0 0.0631103515625 0.4423828125 0.0843505859375 0.165283203125
0 0.348876953125 0.340576171875 0.1607666015625 0.1007080078125
0 0.68115234375 0.467529296875 0.023956298828125 0.016845703125
0 0.71923828125 0.3427734375 0.0310821533203125 0.0188751220703125
0 0.196044921875 0.525390625 0.1934814453125 0.04742431640625
0 0.55126953125 0.010986328125 0.0141143798828125 0.0100555419921875
0 0.251953125 0.896484375 0.07684326171875 0.037811279296875