0 0.6083984375 0.54248046875 0.63134765625 0.53759765625
0 0.1727294921875 0.31396484375 0.169677734375 0.2447509765625
0 0.229248046875 0.576171875 0.0156707763671875 0.0153045654296875
0 0.2115478515625 0.19873046875 0.1190185546875 0.07806396484375
0 0.372802734375 0.2509765625 0.25390625 0.1661376953125
0 0.1865234375 0.9130859375 0.1943359375 0.09893798828125
0 0.87744140625 0.40869140625 0.0167236328125 0.0117340087890625
0 0.181884765625 0.043853759765625 0.062103271484375 0.06549072265625
0 0.381591796875 0.56298828125 0.0167236328125 0.01214599609375
0 0.296875 0.094482421875 0.10992431640625 0.0258636474609375
0 0.26513671875 0.028656005859375 0.115966796875 0.05560302734375
0 0.455810546875 0.50244140625 0.08868408203125 0.0386962890625
0 0.6484375 0.335205078125 0.0177764892578125 0.0160980224609375
0 0.88330078125 0.0850830078125 0.1636962890625 0.07147216796875
0 0.42529296875 0.93408203125 0.077392578125 0.0301513671875
0 0.76904296875 0.298583984375 0.1063232421875 0.09368896484375
0 0.205078125 0.6318359375 0.079345703125 0.0982666015625
0 0.63037109375 0.461181640625 0.0214080810546875 0.02801513671875
0 0.94921875 0.37060546875 0.0504150390625 0.0455322265625
0 0.72509765625 0.037567138671875 0.092529296875 0.07513427734375
0 0.464111328125 0.2158203125 0.023101806640625 0.0203399658203125
0 0.8125 0.1361083984375 0.04779052734375 0.08404541015625
0 0.2181396484375 0.74169921875 0.10174560546875 0.09722900390625
0 0.67431640625 0.1348876953125 0.018341064453125 0.020172119140625
0 0.0809326171875 0.765625 0.01358795166015625 0.051361083984375
0 0.09979248046875 0.426513671875 0.0323486328125 0.0343017578125